,eda_cc_mean,eda_cc_std,eda_cc_min,eda_cc_max,eda_cc_range,eda_cc_median,eda_cc_iqr,eda_cc_mad,eda_cc_rms,eda_cc_mean_abs_diff,eda_cc_slope,eda_cc_skew,eda_cc_kurtosis,eda_stress_skin_mean,eda_stress_skin_std,eda_stress_skin_min,eda_stress_skin_max,eda_stress_skin_range,eda_stress_skin_median,eda_stress_skin_iqr,eda_stress_skin_mad,eda_stress_skin_rms,eda_stress_skin_mean_abs_diff,eda_stress_skin_slope,eda_stress_skin_skew,eda_stress_skin_kurtosis
eda_cc_mean,0.0,0.39399033131459477,0.9999922431911674,0.9999922457697019,0.39383619451127166,0.9999999979157669,0.3935609872072989,0.3926056200920682,0.9999999999975837,0.39383619451126745,0.12582950041648805,0.10068031550773436,0.08123513283061387,0.3666428594710856,0.1148193530308668,0.3798527142647335,0.3532856565575014,0.11342301342976079,0.36651449935031827,0.11269737459816981,0.10570924314235912,0.3661640535602655,0.11304402996959051,0.031306350386486756,3.360198673707446e-05,0.4091665975160143
eda_cc_std,0.39399033131459477,0.0,0.39036837707418887,0.3976053435124596,0.9999609804677309,0.3939875566055565,0.9999367770162666,0.9997244546571451,0.39399228206953774,0.9999609804677334,0.7823310263010752,0.017004975447392833,0.1424281865388285,0.3209270879474787,0.15713549395653917,0.335970207106212,0.3059419348554997,0.15672444721508588,0.3207887761192421,0.15528569438359957,0.15072203351211588,0.3205857020859207,0.15885134105442278,0.006900177493650731,0.03636996064910952,0.11067399738616861
eda_cc_min,0.9999922431911674,0.39036837707418887,0.0,0.9999689984262394,0.39021393295778267,0.9999922473531058,0.38993891856160046,0.3889831315999555,0.9999922348304654,0.3902139329577782,0.12268813669040385,0.10086583669704723,0.08196577306702837,0.365882106485302,0.11434088019489497,0.3790498807286662,0.3525666450873845,0.11294428271585409,0.36575408388967634,0.11222352468514812,0.10524436010542697,0.3654039745066264,0.11255688983995184,0.03139115674358103,0.00018035298178999292,0.4093872988022569
eda_cc_max,0.9999922457697019,0.3976053435124596,0.9999689984262394,0.0,0.3974517532882479,0.9999922256059965,0.39717619931156345,0.3962222484389202,0.9999922541213941,0.397451753288243,0.12896847263539343,0.10038596655960544,0.08048540974756836,0.36739221283394324,0.1153001189523441,0.3806442794708381,0.3539934513243974,0.1139047406717902,0.3672634373800525,0.11317405884431099,0.10617954586919624,0.36691278075663664,0.1135367260500571,0.03122512600313384,0.00012861687316575497,0.4089481203104191
eda_cc_range,0.39383619451127166,0.9999609804677309,0.39021393295778267,0.3974517532882479,0.0,0.39383335175203354,0.9998285954548091,0.9996668632672512,0.39383814539949163,0.9999999999999994,0.7826792430348067,0.01638633501035961,0.1408176149142245,0.32067540595505667,0.15719570954863665,0.3357177004932234,0.3056909740168917,0.15678823598360067,0.3205369539304985,0.15534398353534382,0.15080062835155855,0.32033507838651726,0.158901565440468,0.007050919470935046,0.03605682467064559,0.10987950842049697
eda_cc_median,0.9999999979157669,0.3939875566055565,0.9999922473531058,0.9999922256059965,0.39383335175203354,0.0,0.39355815518348347,0.39260244139884537,0.9999999979075515,0.39383335175202894,0.1258270488705089,0.10070740604027985,0.08123675465486202,0.36664399102368106,0.1148178039276359,0.37985371152483144,0.35328682950396406,0.11342119131861313,0.3665156575958309,0.11269575391113552,0.10570643384250217,0.36616517233360474,0.11304137091341734,0.03130550132287516,3.680103727129227e-05,0.4091653476228072
eda_cc_iqr,0.3935609872072989,0.9999367770162666,0.38993891856160046,0.39717619931156345,0.9998285954548091,0.39355815518348347,0.0,0.9998480502767894,0.39356293803130904,0.9998285954548114,0.782102415008672,0.018454605311152856,0.1465007459106624,0.32044408055348267,0.15709900850108047,0.3354786076721711,0.30547159687640835,0.15669098844118196,0.32030507705423106,0.15526279125868583,0.15073184186999575,0.3201028771833091,0.15881222036542983,0.00702143902674084,0.0358340918181863,0.1104509925881954
eda_cc_mad,0.3926056200920682,0.9997244546571451,0.3889831315999555,0.3962222484389202,0.9996668632672512,0.39260244139884537,0.9998480502767894,0.0,0.3926075713244847,0.9996668632672523,0.782472400139242,0.020776295618852508,0.14793478602578697,0.31915950562075845,0.15708453199221212,0.33417518132946133,0.30421463713819397,0.1566878366991856,0.3190176626727109,0.15529819247183776,0.15093531579735373,0.31882082639156883,0.15872814629495427,0.0073972871286511685,0.034944051573115954,0.10925745204001398
eda_cc_rms,0.9999999999975837,0.39399228206953774,0.9999922348304654,0.9999922541213941,0.39383814539949163,0.9999999979075515,0.39356293803130904,0.3926075713244847,0.0,0.39383814539948603,0.12583130613530857,0.10068023542494929,0.08123486632905096,0.36664335935082576,0.11481937805621348,0.37985322455112563,0.3532861458946298,0.11342303848324324,0.36651499893538264,0.11269739901364023,0.10570926610721786,0.3661645535699023,0.11304405852743622,0.03130637679365349,3.353674352785323e-05,0.40916655227565873
eda_cc_mean_abs_diff,0.39383619451126745,0.9999609804677334,0.3902139329577782,0.397451753288243,0.9999999999999994,0.39383335175202894,0.9998285954548114,0.9996668632672523,0.39383814539948603,0.0,0.7826792430348096,0.01638633501036161,0.14081761491422595,0.32067540595505684,0.15719570954862952,0.33571770049322336,0.30569097401689044,0.1567882359835936,0.32053695393049875,0.15534398353533688,0.15080062835155164,0.3203350783865174,0.1589015654404607,0.007050919470935611,0.03605682467064459,0.1098795084204929
eda_cc_slope,0.12582950041648805,0.7823310263010752,0.12268813669040385,0.12896847263539343,0.7826792430348067,0.1258270488705089,0.782102415008672,0.782472400139242,0.12583130613530857,0.7826792430348096,0.0,0.01793523876382154,0.07773799997916345,0.29393405073303613,0.05696292958002337,0.295800792113988,0.291888249139062,0.056572589666812584,0.29374255790149356,0.05648769009314877,0.054908976017798074,0.2941613091958994,0.05442959899477596,0.01874272967581038,0.01219775854809132,0.07191330190557282
eda_cc_skew,0.10068031550773436,0.017004975447392833,0.10086583669704723,0.10038596655960544,0.01638633501035961,0.10070740604027985,0.018454605311152856,0.020776295618852508,0.10068023542494929,0.01638633501036161,0.01793523876382154,0.0,0.4882088346082613,0.07430500899543582,0.05352245545889589,0.07228922971785498,0.07595138939075978,0.053715223661119714,0.07434171614251639,0.05409098127540436,0.056035936495538605,0.07439008773991031,0.05780754609187893,0.03382887828904789,0.04646668618446115,0.04672299327241767
eda_cc_kurtosis,0.08123513283061387,0.1424281865388285,0.08196577306702837,0.08048540974756836,0.1408176149142245,0.08123675465486202,0.1465007459106624,0.14793478602578697,0.08123486632905096,0.14081761491422595,0.07773799997916345,0.4882088346082613,0.0,0.09097652797131608,0.03743847480565191,0.09475548148701234,0.08706139442310737,0.03750840188407182,0.09097460621698691,0.03773805911798731,0.03828256883452489,0.090932769140614,0.03667160798377556,0.11838342905570064,0.0032081741686287237,0.08614252835499413
eda_stress_skin_mean,0.3666428594710856,0.3209270879474787,0.365882106485302,0.36739221283394324,0.32067540595505667,0.36664399102368106,0.32044408055348267,0.31915950562075845,0.36664335935082576,0.32067540595505684,0.29393405073303613,0.07430500899543582,0.09097652797131608,0.0,0.3030182841381138,0.9983777160176074,0.9984430184004187,0.30556555313427014,0.9999939639538683,0.3028582222966369,0.30587360150819126,0.9999943241849254,0.31135936381064566,0.027204050120414342,0.14366511677741045,0.41046112988905253
eda_stress_skin_std,0.1148193530308668,0.15713549395653917,0.11434088019489497,0.1153001189523441,0.15719570954863665,0.1148178039276359,0.15709900850108047,0.15708453199221212,0.11481937805621348,0.15719570954862952,0.05696292958002337,0.05352245545889589,0.03743847480565191,0.3030182841381138,0.0,0.24856222286164598,0.35548701782694786,0.9994736644695288,0.30274146617265957,0.998826795409542,0.9928134696971664,0.3050373102577977,0.9976103722621559,0.06211321838838999,0.01351077988238333,0.20083520383901493
eda_stress_skin_min,0.3798527142647335,0.335970207106212,0.3790498807286662,0.3806442794708381,0.3357177004932234,0.37985371152483144,0.3354786076721711,0.33417518132946133,0.37985322455112563,0.33571770049322336,0.295800792113988,0.07228922971785498,0.09475548148701234,0.9983777160176074,0.24856222286164598,0.0,0.9937005045006087,0.25108666073799724,0.9983703305937628,0.2484649408256307,0.25163659545774625,0.9982614543637648,0.256998001306532,0.03136520219316521,0.14237647743356582,0.40516853325988766
eda_stress_skin_max,0.3532856565575014,0.3059419348554997,0.3525666450873845,0.3539934513243974,0.3056909740168917,0.35328682950396406,0.30547159687640835,0.30421463713819397,0.3532861458946298,0.30569097401689044,0.291888249139062,0.07595138939075978,0.08706139442310737,0.9984430184004187,0.35548701782694786,0.9937005045006087,0.0,0.3579831049748881,0.9984067512918279,0.355148238946113,0.35763914626417215,0.998560200679037,0.36349349018727123,0.02313350537593805,0.13892310407859498,0.4136967233196486
eda_stress_skin_range,0.11342301342976079,0.15672444721508588,0.11294428271585409,0.1139047406717902,0.15678823598360067,0.11342119131861313,0.15669098844118196,0.1566878366991856,0.11342303848324324,0.1567882359835936,0.056572589666812584,0.053715223661119714,0.03750840188407182,0.30556555313427014,0.9994736644695288,0.25108666073799724,0.3579831049748881,0.0,0.3053138379191223,0.9973580709638656,0.9924472020809049,0.30754635445661527,0.9983427367464828,0.06151743184128156,0.013667876387623465,0.1974381245719296
eda_stress_skin_median,0.36651449935031827,0.3207887761192421,0.36575408388967634,0.3672634373800525,0.3205369539304985,0.3665156575958309,0.32030507705423106,0.3190176626727109,0.36651499893538264,0.32053695393049875,0.29374255790149356,0.07434171614251639,0.09097460621698691,0.9999939639538683,0.30274146617265957,0.9983703305937628,0.9984067512918279,0.3053138379191223,0.0,0.30261149631139267,0.3058109041829748,0.9999832913904062,0.31114474930856334,0.027221928508588462,0.14517093632760317,0.4104767496275048
eda_stress_skin_iqr,0.11269737459816981,0.15528569438359957,0.11222352468514812,0.11317405884431099,0.15534398353534382,0.11269575391113552,0.15526279125868583,0.15529819247183776,0.11269739901364023,0.15534398353533688,0.05648769009314877,0.05409098127540436,0.03773805911798731,0.3028582222966369,0.998826795409542,0.2484649408256307,0.355148238946113,0.9973580709638656,0.30261149631139267,0.0,0.9954396514229567,0.3048692015093876,0.9950607199456264,0.06306563338017729,0.030239303572844413,0.21510885844976205
eda_stress_skin_mad,0.10570924314235912,0.15072203351211588,0.10524436010542697,0.10617954586919624,0.15080062835155855,0.10570643384250217,0.15073184186999575,0.15093531579735373,0.10570926610721786,0.15080062835155164,0.054908976017798074,0.056035936495538605,0.03828256883452489,0.30587360150819126,0.9928134696971664,0.25163659545774625,0.35763914626417215,0.9924472020809049,0.3058109041829748,0.9954396514229567,0.0,0.307762215734427,0.9896355093296426,0.061977922791754805,0.04613620649452662,0.21963039614936247
eda_stress_skin_rms,0.3661640535602655,0.3205857020859207,0.3654039745066264,0.36691278075663664,0.32033507838651726,0.36616517233360474,0.3201028771833091,0.31882082639156883,0.3661645535699023,0.3203350783865174,0.2941613091958994,0.07439008773991031,0.090932769140614,0.9999943241849254,0.3050373102577977,0.9982614543637648,0.998560200679037,0.30754635445661527,0.9999832913904062,0.3048692015093876,0.307762215734427,0.0,0.3133295451663286,0.026720159053427436,0.14293839966380603,0.41060125632543476
eda_stress_skin_mean_abs_diff,0.11304402996959051,0.15885134105442278,0.11255688983995184,0.1135367260500571,0.158901565440468,0.11304137091341734,0.15881222036542983,0.15872814629495427,0.11304405852743622,0.1589015654404607,0.05442959899477596,0.05780754609187893,0.03667160798377556,0.31135936381064566,0.9976103722621559,0.256998001306532,0.36349349018727123,0.9983427367464828,0.31114474930856334,0.9950607199456264,0.9896355093296426,0.3133295451663286,0.0,0.06171297756702924,0.02019106296343502,0.19579335570372705
eda_stress_skin_slope,0.031306350386486756,0.006900177493650731,0.03139115674358103,0.03122512600313384,0.007050919470935046,0.03130550132287516,0.00702143902674084,0.0073972871286511685,0.03130637679365349,0.007050919470935611,0.01874272967581038,0.03382887828904789,0.11838342905570064,0.027204050120414342,0.06211321838838999,0.03136520219316521,0.02313350537593805,0.06151743184128156,0.027221928508588462,0.06306563338017729,0.061977922791754805,0.026720159053427436,0.06171297756702924,0.0,0.00437900241256892,0.0178256206565637
eda_stress_skin_skew,3.360198673707446e-05,0.03636996064910952,0.00018035298178999292,0.00012861687316575497,0.03605682467064559,3.680103727129227e-05,0.0358340918181863,0.034944051573115954,3.353674352785323e-05,0.03605682467064459,0.01219775854809132,0.04646668618446115,0.0032081741686287237,0.14366511677741045,0.01351077988238333,0.14237647743356582,0.13892310407859498,0.013667876387623465,0.14517093632760317,0.030239303572844413,0.04613620649452662,0.14293839966380603,0.02019106296343502,0.00437900241256892,0.0,0.5613194795870899
eda_stress_skin_kurtosis,0.4091665975160143,0.11067399738616861,0.4093872988022569,0.4089481203104191,0.10987950842049697,0.4091653476228072,0.1104509925881954,0.10925745204001398,0.40916655227565873,0.1098795084204929,0.07191330190557282,0.04672299327241767,0.08614252835499413,0.41046112988905253,0.20083520383901493,0.40516853325988766,0.4136967233196486,0.1974381245719296,0.4104767496275048,0.21510885844976205,0.21963039614936247,0.41060125632543476,0.19579335570372705,0.0178256206565637,0.5613194795870899,0.0
