,eda_cc_mean,eda_cc_std,eda_cc_min,eda_cc_max,eda_cc_range,eda_cc_median,eda_cc_iqr,eda_cc_mad,eda_cc_rms,eda_cc_mean_abs_diff,eda_cc_slope,eda_cc_skew,eda_cc_kurtosis,eda_stress_skin_mean,eda_stress_skin_std,eda_stress_skin_min,eda_stress_skin_max,eda_stress_skin_range,eda_stress_skin_median,eda_stress_skin_iqr,eda_stress_skin_mad,eda_stress_skin_rms,eda_stress_skin_mean_abs_diff,eda_stress_skin_slope,eda_stress_skin_skew,eda_stress_skin_kurtosis
eda_cc_mean,0.0,0.3942209224623556,0.9999980724595493,0.9999980727597221,0.39417339145983754,0.9999999998004525,0.3940571046788917,0.39364748993100146,0.9999999999998505,0.39417339145983227,0.12407393036485846,0.06982471113421579,0.08168779396609585,0.3670042584280283,0.11248105498940181,0.3736406377919118,0.3603265042361897,0.11175173506282512,0.366971038121892,0.11109773412316376,0.10817047358044772,0.3668700787997558,0.11154750861180347,0.03094473458744477,0.0029376832141280416,0.44315593383751056
eda_cc_std,0.3942209224623556,0.0,0.39241603699433836,0.3960240888448729,0.9999823798175292,0.39422025091836926,0.9999698808052466,0.9998838633623871,0.39422141001379973,0.9999823798175325,0.7792059226997174,0.016275762172474968,0.1445123677546885,0.32100640273856074,0.1561572948442962,0.3285665190156091,0.31345634865341193,0.1559541205532548,0.3209742805050269,0.15524832963808602,0.15333379731205937,0.3209146363737232,0.15694790998972613,0.0067988901274285436,0.026610633305221256,0.10427275557930751
eda_cc_min,0.9999980724595493,0.39241603699433836,0.0,0.9999922929574243,0.3923684584082109,0.9999980730491455,0.3922522063062014,0.3918424978248074,0.9999980714178515,0.3923684584082058,0.12251336457788128,0.06989890435981236,0.0820601064154499,0.366626430515068,0.11224240369346711,0.37325225641120635,0.35995919199320137,0.11151299541615918,0.36659324621091105,0.11085994066468617,0.10793453162694253,0.3664923364210121,0.11130679756287502,0.03098588262489479,0.0029934006819752903,0.4433080102183769
eda_cc_max,0.9999980727597221,0.3960240888448729,0.9999922929574243,0.0,0.3959766655178118,0.9999980704167739,0.3958602792680573,0.39545099586080074,0.9999980738008768,0.39597666551780514,0.12563395843081046,0.06971380162028532,0.08130908438873603,0.3673793011252021,0.11272006018508661,0.37402624321822303,0.3606910584931126,0.1119910169256267,0.36734603540181876,0.11133605649130425,0.10840745588440558,0.3672450426870042,0.1117893791947529,0.0309043482297602,0.002876082774070342,0.4430052329664271
eda_cc_range,0.39417339145983754,0.9999823798175292,0.3923684584082109,0.3959766655178118,0.0,0.39417270464889315,0.999922748012418,0.9998608388317366,0.39417387902439627,0.9999999999999994,0.779391033692795,0.015813931621465306,0.14360508897219154,0.32089878238878083,0.15614943669599826,0.3284576592521792,0.3133498416455882,0.15594744002534847,0.32086662692460016,0.15524355529139527,0.15334270718537835,0.3208074230735176,0.15693451746392453,0.0068882216817930724,0.0263055708727636,0.10380522157874517
eda_cc_median,0.9999999998004525,0.39422025091836926,0.9999980730491455,0.9999980704167739,0.39417270464889315,0.0,0.3940564216588773,0.39364673426146274,0.9999999997999356,0.394172704648887,0.1240732928592173,0.06983336530241574,0.08168834529248324,0.3670044410987271,0.11248076512610794,0.3736408067551373,0.36032669071225987,0.11175138658926075,0.3669712236619621,0.11109742346525268,0.10817000585900913,0.3668702599427462,0.11154699387707337,0.03094451875874344,0.0029389005792445503,0.4431554933767481
eda_cc_iqr,0.3940571046788917,0.9999698808052466,0.3922522063062014,0.3958602792680573,0.999922748012418,0.3940564216588773,0.0,0.9999415004875424,0.3940575922331846,0.9999227480124179,0.7791169463167947,0.017119810047081817,0.14661365414268837,0.3208026373242688,0.1560859837776219,0.3283597546670573,0.31325717173321715,0.15588855491621123,0.3207702336965058,0.15518099563879786,0.15327866583249528,0.3207111458346548,0.15687013701395108,0.006871944825195844,0.026159355051082064,0.10416447482072698
eda_cc_mad,0.39364748993100146,0.9998838633623871,0.3918424978248074,0.39545099586080074,0.9998608388317366,0.39364673426146274,0.9999415004875424,0.0,0.3936479775368231,0.999860838831737,0.7793267077235096,0.01868210358408261,0.14753458343107295,0.3201830306771392,0.15609931706626975,0.3277361451986926,0.3126434701772555,0.1559108136628609,0.3201501293109585,0.15521223030771664,0.15337153061611955,0.320092172505238,0.15686090251318463,0.007013738760316706,0.02551186682824211,0.10354219134207758
eda_cc_rms,0.9999999999998505,0.39422141001379973,0.9999980714178515,0.9999980738008768,0.39417387902439627,0.9999999997999356,0.3940575922331846,0.3936479775368231,0.0,0.3941738790243912,0.12407438079635519,0.06982469550817626,0.08168772756875081,0.36700438345614533,0.11248106142531249,0.3736407641413898,0.36032662793195624,0.1117517415103875,0.36697116313409295,0.11109774053255103,0.10817047978051676,0.36687020383978974,0.11154751546694824,0.030944741155227298,0.00293767122145378,0.443155914446443
eda_cc_mean_abs_diff,0.39417339145983227,0.9999823798175325,0.3923684584082058,0.39597666551780514,0.9999999999999994,0.394172704648887,0.9999227480124179,0.999860838831737,0.3941738790243912,0.0,0.7793910336927972,0.015813931621465674,0.14360508897219126,0.3208987823887786,0.15614943669599254,0.3284576592521772,0.3133498416455861,0.15594744002534253,0.32086662692459683,0.15524355529138983,0.1533427071853727,0.3208074230735145,0.15693451746391882,0.0068882216817917575,0.026305570872762928,0.10380522157874102
eda_cc_slope,0.12407393036485846,0.7792059226997174,0.12251336457788128,0.12563395843081046,0.779391033692795,0.1240732928592173,0.7791169463167947,0.7793267077235096,0.12407438079635519,0.7793910336927972,0.0,0.014540753254226858,0.07594404248616084,0.29253750308571996,0.054556160733641085,0.2935511539427064,0.29147364898856026,0.05433050256441608,0.29249697672392355,0.05398236859874884,0.05339831840356169,0.29260759113614565,0.05330240200842972,0.019167640813386056,0.014678517435621935,0.07527062422066505
eda_cc_skew,0.06982471113421579,0.016275762172474968,0.06989890435981236,0.06971380162028532,0.015813931621465306,0.06983336530241574,0.017119810047081817,0.01868210358408261,0.06982469550817626,0.015813931621465674,0.014540753254226858,0.0,0.6072171366417837,0.04881682633499506,0.031775759827061795,0.04826753509049761,0.049276514309889184,0.03183216762812684,0.04883101768299826,0.032458881640936715,0.03302188229576013,0.04883756102479001,0.03484063767787783,0.016486008921081177,0.04577151572455649,0.036169467082725844
eda_cc_kurtosis,0.08168779396609585,0.1445123677546885,0.0820601064154499,0.08130908438873603,0.14360508897219154,0.08168834529248324,0.14661365414268837,0.14753458343107295,0.08168772756875081,0.14360508897219126,0.07594404248616084,0.6072171366417837,0.0,0.09322702655926486,0.04028910343471456,0.09524790822610149,0.09115898118687303,0.04026964508346873,0.09322912347447404,0.040479615506749694,0.04072871350008175,0.09321146256476129,0.039964637318267465,0.12077274984255186,0.0044476174955967234,0.09767002626655791
eda_stress_skin_mean,0.3670042584280283,0.32100640273856074,0.366626430515068,0.3673793011252021,0.32089878238878083,0.3670044410987271,0.3208026373242688,0.3201830306771392,0.36700438345614533,0.3208987823887786,0.29253750308571996,0.04881682633499506,0.09322702655926486,0.0,0.3038147332833116,0.9995925418395749,0.9996008177321946,0.3050881540003975,0.9999994825814764,0.3034882713709,0.3050549463716254,0.9999992948346668,0.3079181759466102,0.026973876212444094,0.10033667758356235,0.43225080768253665
eda_stress_skin_std,0.11248105498940181,0.1561572948442962,0.11224240369346711,0.11272006018508661,0.15614943669599826,0.11248076512610794,0.1560859837776219,0.15609931706626975,0.11248106142531249,0.15614943669599254,0.054556160733641085,0.031775759827061795,0.04028910343471456,0.3038147332833116,0.0,0.27656901937229605,0.3305594268573653,0.9997725497934248,0.30375939074093883,0.9994435835856746,0.9978576310564877,0.30439936534139106,0.9988988121611065,0.06297921323629352,0.010122828520499276,0.2187510078773607
eda_stress_skin_min,0.3736406377919118,0.3285665190156091,0.37325225641120635,0.37402624321822303,0.3284576592521792,0.3736408067551373,0.3283597546670573,0.3277361451986926,0.3736407641413898,0.3284576592521772,0.2935511539427064,0.04826753509049761,0.09524790822610149,0.9995925418395749,0.27656901937229605,0.0,0.9983936430569507,0.27783660698830626,0.9995917443991252,0.2762551751376156,0.2778299019048264,0.9995755742391332,0.2806963563427499,0.029082239915643012,0.09989566644774112,0.42945832291934766
eda_stress_skin_max,0.3603265042361897,0.31345634865341193,0.35995919199320137,0.3606910584931126,0.3133498416455882,0.36032669071225987,0.31325717173321715,0.3126434701772555,0.36032662793195624,0.3133498416455861,0.29147364898856026,0.049276514309889184,0.09115898118687303,0.9996008177321946,0.3305594268573653,0.9983936430569507,0.0,0.33181762155634315,0.9995970892071889,0.3301991467941233,0.3316860004791382,0.9996180400970412,0.3345795212690935,0.02485361660145427,0.09874327698524395,0.4345283348204856
eda_stress_skin_range,0.11175173506282512,0.1559541205532548,0.11151299541615918,0.1119910169256267,0.15594744002534847,0.11175138658926075,0.15588855491621123,0.1559108136628609,0.1117517415103875,0.15594744002534253,0.05433050256441608,0.03183216762812684,0.04026964508346873,0.3050881540003975,0.9997725497934248,0.27783660698830626,0.33181762155634315,0.0,0.30503821463613684,0.9988894923364666,0.9978800230238313,0.3056626632558843,0.9992134042498089,0.06282347605337912,0.010936798985752397,0.21697704154482128
eda_stress_skin_median,0.366971038121892,0.3209742805050269,0.36659324621091105,0.36734603540181876,0.32086662692460016,0.3669712236619621,0.3207702336965058,0.3201501293109585,0.36697116313409295,0.32086662692459683,0.29249697672392355,0.04883101768299826,0.09322912347447404,0.9999994825814764,0.30375939074093883,0.9995917443991252,0.9995970892071889,0.30503821463613684,0.0,0.3034383683718685,0.30502833577221655,0.9999982798699474,0.3078769454877255,0.026976240831296475,0.10082457706050311,0.43225309669507384
eda_stress_skin_iqr,0.11109773412316376,0.15524832963808602,0.11085994066468617,0.11133605649130425,0.15524355529139527,0.11109742346525268,0.15518099563879786,0.15521223030771664,0.11109774053255103,0.15524355529138983,0.05398236859874884,0.032458881640936715,0.040479615506749694,0.3034882713709,0.9994435835856746,0.2762551751376156,0.3301991467941233,0.9988894923364666,0.3034383683718685,0.0,0.9988018690580938,0.30406862934240425,0.9977013876108358,0.06250086928483593,0.018463833281154664,0.22542907450738772
eda_stress_skin_mad,0.10817047358044772,0.15333379731205937,0.10793453162694253,0.10840745588440558,0.15334270718537835,0.10817000585900913,0.15327866583249528,0.15337153061611955,0.10817047978051676,0.1533427071853727,0.05339831840356169,0.03302188229576013,0.04072871350008175,0.3050549463716254,0.9978576310564877,0.2778299019048264,0.3316860004791382,0.9978800230238313,0.30502833577221655,0.9988018690580938,0.0,0.30561090018813736,0.9964068263588066,0.061750645427616886,0.028976579359651283,0.22842080204020837
eda_stress_skin_rms,0.3668700787997558,0.3209146363737232,0.3664923364210121,0.3672450426870042,0.3208074230735176,0.3668702599427462,0.3207111458346548,0.320092172505238,0.36687020383978974,0.3208074230735145,0.29260759113614565,0.04883756102479001,0.09321146256476129,0.9999992948346668,0.30439936534139106,0.9995755742391332,0.9996180400970412,0.3056626632558843,0.9999982798699474,0.30406862934240425,0.30561090018813736,0.0,0.3084914043578408,0.026813943886536528,0.10009215782261405,0.4323166586150499
eda_stress_skin_mean_abs_diff,0.11154750861180347,0.15694790998972613,0.11130679756287502,0.1117893791947529,0.15693451746392453,0.11154699387707337,0.15687013701395108,0.15686090251318463,0.11154751546694824,0.15693451746391882,0.05330240200842972,0.03484063767787783,0.039964637318267465,0.3079181759466102,0.9988988121611065,0.2806963563427499,0.3345795212690935,0.9992134042498089,0.3078769454877255,0.9977013876108358,0.9964068263588066,0.3084914043578408,0.0,0.06278125274628242,0.015795770019510838,0.21557849460684606
eda_stress_skin_slope,0.03094473458744477,0.0067988901274285436,0.03098588262489479,0.0309043482297602,0.0068882216817930724,0.03094451875874344,0.006871944825195844,0.007013738760316706,0.030944741155227298,0.0068882216817917575,0.019167640813386056,0.016486008921081177,0.12077274984255186,0.026973876212444094,0.06297921323629352,0.029082239915643012,0.02485361660145427,0.06282347605337912,0.026976240831296475,0.06250086928483593,0.061750645427616886,0.026813943886536528,0.06278125274628242,0.0,0.0033466465726685736,0.018597269959703757
eda_stress_skin_skew,0.0029376832141280416,0.026610633305221256,0.0029934006819752903,0.002876082774070342,0.0263055708727636,0.0029389005792445503,0.026159355051082064,0.02551186682824211,0.00293767122145378,0.026305570872762928,0.014678517435621935,0.04577151572455649,0.0044476174955967234,0.10033667758356235,0.010122828520499276,0.09989566644774112,0.09874327698524395,0.010936798985752397,0.10082457706050311,0.018463833281154664,0.028976579359651283,0.10009215782261405,0.015795770019510838,0.0033466465726685736,0.0,0.5059452133350013
eda_stress_skin_kurtosis,0.44315593383751056,0.10427275557930751,0.4433080102183769,0.4430052329664271,0.10380522157874517,0.4431554933767481,0.10416447482072698,0.10354219134207758,0.443155914446443,0.10380522157874102,0.07527062422066505,0.036169467082725844,0.09767002626655791,0.43225080768253665,0.2187510078773607,0.42945832291934766,0.4345283348204856,0.21697704154482128,0.43225309669507384,0.22542907450738772,0.22842080204020837,0.4323166586150499,0.21557849460684606,0.018597269959703757,0.5059452133350013,0.0
