,eda_cc_mean,eda_cc_std,eda_cc_min,eda_cc_max,eda_cc_range,eda_cc_median,eda_cc_iqr,eda_cc_mad,eda_cc_rms,eda_cc_mean_abs_diff,eda_cc_slope,eda_cc_skew,eda_cc_kurtosis,eda_stress_skin_mean,eda_stress_skin_std,eda_stress_skin_min,eda_stress_skin_max,eda_stress_skin_range,eda_stress_skin_median,eda_stress_skin_iqr,eda_stress_skin_mad,eda_stress_skin_rms,eda_stress_skin_mean_abs_diff,eda_stress_skin_slope,eda_stress_skin_skew,eda_stress_skin_kurtosis
eda_cc_mean,0.0,0.04273916426606958,0.9999989761609164,0.9999989733985412,0.0427819607372729,0.9999999994565534,0.042722097627172884,0.04280938642981455,0.9999999999999536,0.04238922470656905,0.42405689808686536,0.055372743781467004,0.015306593753780445,0.15450440369004584,0.07980792808449462,0.1556159185834754,0.15339706966740915,0.07971977818189803,0.15448942100514437,0.0795982723126891,0.0793980191585839,0.15452631930265623,0.07784957721788383,0.22077030837405298,0.03666538803840797,0.07525552289407289
eda_cc_std,0.04273916426606958,0.0,0.04416737972493596,0.041308787986894135,0.9998944276647529,0.042739633614239936,0.9998449306634865,0.999726983729689,0.04273886873413872,0.9998487842396871,0.0025981215676075787,0.04137807582332212,0.052078484972809286,0.035797699016744955,0.09462232231443964,0.033109577530162825,0.0383394589932575,0.09446103520382525,0.03579377944297901,0.09462038012158538,0.09421832053018513,0.03590374761302726,0.09383052622925146,0.012017321988495054,0.03787908169050468,0.03568060202561419
eda_cc_min,0.9999989761609164,0.04416737972493596,0.0,0.9999959058841411,0.04421039697917192,0.9999989744065599,0.04414985138310786,0.04423735088843191,0.9999989757380815,0.04381765855452226,0.42403529549164365,0.055375958870320895,0.015375986932811343,0.15454721922636705,0.07993946820075071,0.1556548161990053,0.15344360858833392,0.07985110138181109,0.15453222802068628,0.07972960407473785,0.07952845182728212,0.1545692859499241,0.07798038154321213,0.22073937156330767,0.03661772377451151,0.07519601182844336
eda_cc_max,0.9999989733985412,0.041308787986894135,0.9999959058841411,0.0,0.04135150812087245,0.9999989704110017,0.04129229526127061,0.04137996871540463,0.99999897382192,0.04095883784096385,0.4240796924275446,0.05526470801562069,0.015254394751836646,0.1544634279501588,0.07967858128165943,0.15557884735399397,0.15335241579976003,0.07959054194825228,0.15444844537839142,0.07946886176186799,0.07926878039141186,0.1544851964195672,0.07772141572357279,0.22080076125581438,0.036726945060240435,0.07531014500696587
eda_cc_range,0.0427819607372729,0.9998944276647529,0.04421039697917192,0.04135150812087245,0.0,0.042782391197148516,0.9995321186170009,0.999475132115744,0.04278166528463951,0.9999594072314577,0.0026406053337578207,0.04120945920894446,0.043108630941969664,0.035865292559655614,0.0945019534981755,0.03318167298884806,0.03840212952127526,0.09438383979469596,0.03586163690824745,0.09444248969313387,0.0940600146098166,0.035970364478607506,0.09374743851830228,0.011989196311963386,0.03656530118029907,0.03662974484851596
eda_cc_median,0.9999999994565534,0.042739633614239936,0.9999989744065599,0.9999989704110017,0.042782391197148516,0.0,0.04272253059508121,0.04280963257851508,0.9999999994563694,0.0423896405734291,0.4240564484502561,0.05540168778720331,0.015302051878952627,0.15450387263283444,0.07980741181276317,0.15561538747327905,0.15339652983346555,0.07971928460374525,0.1544888927448889,0.07959781878982182,0.07939778332161342,0.15452578736374223,0.077848927028385,0.2207703299535521,0.03666272453464371,0.07525562713026242
eda_cc_iqr,0.042722097627172884,0.9998449306634865,0.04414985138310786,0.04129229526127061,0.9995321186170009,0.04272253059508121,0.0,0.9999000836390847,0.04272180209467299,0.9994792454933226,0.002705766256789885,0.03995069627141671,0.06758264888151848,0.03579250562577328,0.09474185058901294,0.0331001733199188,0.03833674445679279,0.09454531904181658,0.03578864207936959,0.09482375611591745,0.09443752558421964,0.03589906540615063,0.09389610129293782,0.01193910369404016,0.0375627183602832,0.0355789845529067
eda_cc_mad,0.04280938642981455,0.999726983729689,0.04423735088843191,0.04137996871540463,0.999475132115744,0.04280963257851508,0.9999000836390847,0.0,0.042809090919731126,0.9994167264847185,0.003113722539863591,0.037323612604127046,0.07153103925756026,0.03600753816189361,0.09497845791046688,0.03331024135869128,0.03855382391066178,0.09478894142121307,0.0360044981086774,0.095086097524285,0.09477432010490221,0.036113595384637494,0.09410385544822708,0.011872344813126908,0.035398396022415846,0.036254877067264726
eda_cc_rms,0.9999999999999536,0.04273886873413872,0.9999989757380815,0.99999897382192,0.04278166528463951,0.9999999994563694,0.04272180209467299,0.042809090919731126,0.0,0.04238892920098958,0.4240569273008535,0.05537273460270669,0.015306578386995907,0.1545043820030865,0.07980787452271983,0.1556158983749251,0.15339704657389405,0.07971972470143496,0.1544893993228317,0.07959821877495495,0.07939796581158466,0.15452629756446343,0.07784952395648868,0.22077029114089833,0.03666540033146354,0.07525553786833432
eda_cc_mean_abs_diff,0.04238922470656905,0.9998487842396871,0.04381765855452226,0.04095883784096385,0.9999594072314577,0.0423896405734291,0.9994792454933226,0.9994167264847185,0.04238892920098958,0.0,0.0025220609909398445,0.038835374849377685,0.040505745749944345,0.035796540638739424,0.09471087236583245,0.03310734308679529,0.03834581442833112,0.09457620848624547,0.035790842554623524,0.09462798478330603,0.09417821556999756,0.03590198436449058,0.09393811682940101,0.01175476900639713,0.03766261347950672,0.036559183028059425
eda_cc_slope,0.42405689808686536,0.0025981215676075787,0.42403529549164365,0.4240796924275446,0.0026406053337578207,0.4240564484502561,0.002705766256789885,0.003113722539863591,0.4240569273008535,0.0025220609909398445,0.0,0.008696663397845781,0.020642950743952164,0.15781544767331718,0.21502227814189423,0.15379466110261922,0.16163475908700492,0.2151519303056147,0.15778530113078076,0.21462144660315646,0.21403878221024364,0.1579224521615525,0.21553861623601184,0.06356746509398953,0.022727153436637865,0.03984121790218916
eda_cc_skew,0.055372743781467004,0.04137807582332212,0.055375958870320895,0.05526470801562069,0.04120945920894446,0.05540168778720331,0.03995069627141671,0.037323612604127046,0.05537273460270669,0.038835374849377685,0.008696663397845781,0.0,0.04990931533893098,0.00789605529246399,0.017240967685933514,0.007727332107015316,0.008518688997517013,0.016212013903173297,0.007772823563229651,0.014117856196907873,0.006411426726509526,0.007929627270478332,0.020872909194441732,0.004439779428862952,0.0006660815768843636,0.011009436379673406
eda_cc_kurtosis,0.015306593753780445,0.052078484972809286,0.015375986932811343,0.015254394751836646,0.043108630941969664,0.015302051878952627,0.06758264888151848,0.07153103925756026,0.015306578386995907,0.040505745749944345,0.020642950743952164,0.04990931533893098,0.0,0.013699169902180208,0.013326010929003936,0.013402946742024554,0.013683837902699366,0.013281373456252417,0.013760540732123905,0.016832688258255634,0.021146833181147195,0.013702371088052973,0.011928209879166483,0.0017293249186336064,0.10098638199464054,0.03480725986165148
eda_stress_skin_mean,0.15450440369004584,0.035797699016744955,0.15454721922636705,0.1544634279501588,0.035865292559655614,0.15450387263283444,0.03579250562577328,0.03600753816189361,0.1545043820030865,0.035796540638739424,0.15781544767331718,0.00789605529246399,0.013699169902180208,0.0,0.7040678860813734,0.9996293960856858,0.9996501951748966,0.7061036007108178,0.9999991771786558,0.7037144737205887,0.7055138523078791,0.9999992288142435,0.7084704049333346,0.39647480205365343,0.07092162225495567,0.2746469782748322
eda_stress_skin_std,0.07980792808449462,0.09462232231443964,0.07993946820075071,0.07967858128165943,0.0945019534981755,0.07980741181276317,0.09474185058901294,0.09497845791046688,0.07980787452271983,0.09471087236583245,0.21502227814189423,0.017240967685933514,0.013326010929003936,0.7040678860813734,0.0,0.684557145927384,0.7225545349783775,0.9998026947874379,0.7039475152569266,0.9995962836927941,0.9981683148558033,0.7046899377954609,0.9989718183683874,0.5817445456278642,0.022340551381514726,0.2976176817366252
eda_stress_skin_min,0.1556159185834754,0.033109577530162825,0.1556548161990053,0.15557884735399397,0.03318167298884806,0.15561538747327905,0.0331001733199188,0.03331024135869128,0.1556158983749251,0.03310734308679529,0.15379466110261922,0.007727332107015316,0.013402946742024554,0.9996293960856858,0.684557145927384,0.0,0.9985684158732054,0.686624932025066,0.9996303069770097,0.684196322488873,0.6860205269433299,0.9996060001913065,0.6890706279488369,0.38479286089474296,0.07102071298920101,0.27046939756784333
eda_stress_skin_max,0.15339706966740915,0.0383394589932575,0.15344360858833392,0.15335241579976003,0.03840212952127526,0.15339652983346555,0.03833674445679279,0.03855382391066178,0.15339704657389405,0.03834581442833112,0.16163475908700492,0.008518688997517013,0.013683837902699366,0.9996501951748966,0.7225545349783775,0.9985684158732054,0.0,0.7245294170788383,0.999642807038971,0.7221626270633814,0.7238252474837658,0.9996730448667319,0.7267941175013963,0.4075799765353903,0.06896417809599638,0.2781991942074914
eda_stress_skin_range,0.07971977818189803,0.09446103520382525,0.07985110138181109,0.07959054194825228,0.09438383979469596,0.07971928460374525,0.09454531904181658,0.09478894142121307,0.07971972470143496,0.09457620848624547,0.2151519303056147,0.016212013903173297,0.013281373456252417,0.7061036007108178,0.9998026947874379,0.686624932025066,0.7245294170788383,0.0,0.7059914460512055,0.9991254330048571,0.9982172715392369,0.7067156370515456,0.999266828149412,0.581410999414505,0.022194699159671247,0.296034747654675
eda_stress_skin_median,0.15448942100514437,0.03579377944297901,0.15453222802068628,0.15444844537839142,0.03586163690824745,0.1544888927448889,0.03578864207936959,0.0360044981086774,0.1544893993228317,0.035790842554623524,0.15778530113078076,0.007772823563229651,0.013760540732123905,0.9999991771786558,0.7039475152569266,0.9996303069770097,0.999642807038971,0.7059914460512055,0.0,0.7036044223163942,0.7054413931380957,0.9999978341710022,0.7083649437828363,0.39640403462566626,0.07139548645472715,0.2746685270702343
eda_stress_skin_iqr,0.0795982723126891,0.09462038012158538,0.07972960407473785,0.07946886176186799,0.09444248969313387,0.07959781878982182,0.09482375611591745,0.095086097524285,0.07959821877495495,0.09462798478330603,0.21462144660315646,0.014117856196907873,0.016832688258255634,0.7037144737205887,0.9995962836927941,0.684196322488873,0.7221626270633814,0.9991254330048571,0.7036044223163942,0.0,0.9988503452946018,0.7043363032653309,0.9980890063721242,0.58115065705507,0.032232722224446626,0.3021459214324446
eda_stress_skin_mad,0.0793980191585839,0.09421832053018513,0.07952845182728212,0.07926878039141186,0.0940600146098166,0.07939778332161342,0.09443752558421964,0.09477432010490221,0.07939796581158466,0.09417821556999756,0.21403878221024364,0.006411426726509526,0.021146833181147195,0.7055138523078791,0.9981683148558033,0.6860205269433299,0.7238252474837658,0.9982172715392369,0.7054413931380957,0.9988503452946018,0.0,0.7061166530921591,0.9968519730691024,0.5796382834465902,0.04190928458666575,0.30345553322004837
eda_stress_skin_rms,0.15452631930265623,0.03590374761302726,0.1545692859499241,0.1544851964195672,0.035970364478607506,0.15452578736374223,0.03589906540615063,0.036113595384637494,0.15452629756446343,0.03590198436449058,0.1579224521615525,0.007929627270478332,0.013702371088052973,0.9999992288142435,0.7046899377954609,0.9996060001913065,0.9996730448667319,0.7067156370515456,0.9999978341710022,0.7043363032653309,0.7061166530921591,0.0,0.7090824669784233,0.39686673441855413,0.0707361056950842,0.27477610679302267
eda_stress_skin_mean_abs_diff,0.07784957721788383,0.09383052622925146,0.07798038154321213,0.07772141572357279,0.09374743851830228,0.077848927028385,0.09389610129293782,0.09410385544822708,0.07784952395648868,0.09393811682940101,0.21553861623601184,0.020872909194441732,0.011928209879166483,0.7084704049333346,0.9989718183683874,0.6890706279488369,0.7267941175013963,0.999266828149412,0.7083649437828363,0.9980890063721242,0.9968519730691024,0.7090824669784233,0.0,0.5802074788267024,0.024752549827892132,0.2954038136890929
eda_stress_skin_slope,0.22077030837405298,0.012017321988495054,0.22073937156330767,0.22080076125581438,0.011989196311963386,0.2207703299535521,0.01193910369404016,0.011872344813126908,0.22077029114089833,0.01175476900639713,0.06356746509398953,0.004439779428862952,0.0017293249186336064,0.39647480205365343,0.5817445456278642,0.38479286089474296,0.4075799765353903,0.581410999414505,0.39640403462566626,0.58115065705507,0.5796382834465902,0.39686673441855413,0.5802074788267024,0.0,0.005164193485104439,0.05815310261083446
eda_stress_skin_skew,0.03666538803840797,0.03787908169050468,0.03661772377451151,0.036726945060240435,0.03656530118029907,0.03666272453464371,0.0375627183602832,0.035398396022415846,0.03666540033146354,0.03766261347950672,0.022727153436637865,0.0006660815768843636,0.10098638199464054,0.07092162225495567,0.022340551381514726,0.07102071298920101,0.06896417809599638,0.022194699159671247,0.07139548645472715,0.032232722224446626,0.04190928458666575,0.0707361056950842,0.024752549827892132,0.005164193485104439,0.0,0.6311528493833872
eda_stress_skin_kurtosis,0.07525552289407289,0.03568060202561419,0.07519601182844336,0.07531014500696587,0.03662974484851596,0.07525562713026242,0.0355789845529067,0.036254877067264726,0.07525553786833432,0.036559183028059425,0.03984121790218916,0.011009436379673406,0.03480725986165148,0.2746469782748322,0.2976176817366252,0.27046939756784333,0.2781991942074914,0.296034747654675,0.2746685270702343,0.3021459214324446,0.30345553322004837,0.27477610679302267,0.2954038136890929,0.05815310261083446,0.6311528493833872,0.0
