,PC1,PC2,PC3,PC4,PC5,PC6,PC7,PC8,PC9,PC10,PC11,PC12,PC13,PC14,PC15,PC16,PC17,PC18,PC19
ppg_green_max,0.32963745069702316,-0.11004276733884424,-0.19152906087290336,-0.1715413896985392,0.00915486951518257,-0.08480648283413994,-0.09799170710974325,0.04883426090467639,-0.07032698254182868,-0.06082741292081394,-0.09734940082980517,-0.15242838443722034,0.08038098411231208,-0.15422187747883778,-0.20441299114572148,0.05638715862476996,-0.4934200396268579,0.08853711545933574,0.6526774043604094
ppg_green_range,0.3580771868408119,0.0551769755237759,0.02718915243544131,0.00976499997102065,-0.028216759261949814,-0.07365496925008409,-0.08613925922840458,-0.10455502617800008,-0.011812718369421308,-0.33572038276980587,-0.27020997582968026,-0.13383400886027877,0.12242530528592807,-0.07760483156362243,-0.2853752247656125,0.28457579257718946,-0.2599358847058586,0.00037668968507716024,-0.6233428416974984
ppg_green_median,0.16152266192212192,-0.34997199541292734,-0.2917543344696696,-0.21435199537730024,0.03567352508352569,0.06041179036819989,0.004594305346116476,-0.10687712192914002,-0.017554670734249204,-0.12317369653513313,-0.08860782828016231,0.04540364679104123,-0.02577505022460606,0.5886033257295378,-0.4004456854259387,-0.26150611200544727,0.31954028276586977,-0.025174097339771377,0.0019331727363145856
ppg_green_iqr,0.2675999138683077,-0.14322508184898086,0.3508194653253985,-0.031374231100167516,0.04896192704650598,0.09806340560865588,0.005374605593000439,0.048663964206423375,0.16547220638823962,0.43063344991151725,-0.03836772300706537,-0.12485024311135526,0.6751814555743899,0.24298129849889938,0.15467290946962328,0.006839443447953594,-0.012968528109523623,-0.011569526313031419,-0.018415623676378577
ppg_green_mad,0.2722464166422101,-0.18487242525974232,0.17574318125786983,0.00031606270398706123,-0.1100148118025036,0.12810918320027517,0.28086693470799134,0.15234977496619176,0.5828540994756036,0.21875550233845403,-0.23771138927939764,-0.04890514474926747,-0.5206004720850265,-0.09799244221198168,-0.04965156492202427,0.023250416975078743,0.00863102905571966,0.004627840259294888,-0.0024430087127571736
ppg_green_skew,0.11672813138406592,0.363068305373605,0.00665748661557675,-0.06888359363822333,-0.11725223069712373,-0.31683213327375004,-0.06688592375304891,0.7495509388507995,-0.05126019835663697,0.026140812320679954,-0.022346878441585685,0.21946859175082561,-0.04165845754968078,0.3172632199862797,-0.05784527992875601,0.10557085130870036,0.018467722882452523,-0.009581852662838043,-0.006582631503638508
ppg_green_kurtosis,0.20155223332849012,0.34016990844844497,-0.26318197408205396,-0.054927132259923156,0.06377018893017052,0.00277630770584633,-0.06446874636558364,-0.19690213840046772,-0.0023772275941911195,-0.012073007675960213,-0.22669520176962052,-0.38333912370727674,-0.2035518779116933,0.3553168910347472,0.5952210575737255,-0.03662728703666199,-0.04548528077687225,0.021930376512984136,0.00493844849796438
ppg_green_diff_std,0.28096405238683453,0.2484993591647705,-0.20486141710575834,0.024716318922525883,0.06143661539651947,0.028164644761170796,0.03149757471965433,-0.19278122739227194,0.23512257667750977,0.055796837122878445,0.3433052851931634,0.2991285954666281,0.0673938500716395,-0.029871474851577057,-0.036916517659714376,0.09381729464258944,0.11530497514108272,0.6920274305627012,-0.021805245989575717
ppg_green_p1,0.025503197940262567,-0.29314606610026306,-0.40755574919426785,-0.3234849368080171,0.06775121195061341,-0.028328334273472203,-0.041865390646653095,0.24260253774717222,-0.12140543929340895,0.3691100087004881,0.24913273341938313,-0.06272814151666246,-0.06899385520208176,-0.20866782801987063,0.14920327953256632,-0.22978349394057387,-0.24727208180263183,0.03032261627972102,-0.4174428173496716
ppg_green_p90,0.24420325642754354,-0.3339484935369194,-0.1059585588178189,-0.1828630051763322,0.02532179766576569,-0.051912107788672675,-0.0903148426198868,0.0400937023535811,-0.18651591063058295,-0.050549292161317434,-0.10073830009355503,0.1781180717687618,-0.004350137359931437,-0.2133293983438149,0.31854121173883526,0.5557339772913531,0.4690189520452997,-0.09099493673057774,0.08810848371116627
ppg_green_p90_p10,0.29249462173469165,-0.15493000093350898,0.2940280926583338,0.0036203779557684827,-0.06659231679943936,-0.06205892430431989,-0.06701844134302812,-0.05989311962879891,-0.13991729592583554,-0.26572974548973854,-0.13946273346974805,0.5284965173597963,-0.05151067154841239,-0.03992737055816543,0.3426600516771428,-0.49448300360549824,-0.1726070925444199,0.04484629294364776,-0.02616478493378571
ppg_green_crest_factor,0.3043003553404055,0.259240640541603,0.020370966063320936,-0.0010259532336780825,-0.02253944452024611,-0.14397870697661302,-0.13943549265913485,0.07131319446508386,-0.04119142294244818,0.01806275880081603,-0.04339472915648106,-0.325153320024635,0.08586922293331216,-0.44212432955899994,-0.15064480237454284,-0.45065574544072245,0.5014029767150944,-0.058879940532576336,0.02965392991955225
ppg_green_shape_factor,0.2252668230261438,0.027318020594010176,0.4153461213804205,0.013593146106462856,0.06034621568446993,-0.0010861617363801522,-0.2923496849948148,-0.20140956225839654,-0.431633121589883,0.3650285099584145,0.25298276977097056,-0.07206786109375421,-0.4260598296086603,0.15559330491810605,-0.1904077064255643,0.11801802147635966,-0.029078516343056398,0.022515032952285744,-0.010737852916727268
ppg_green_mean_cross_rate,0.097572101465852,-0.07321360115725015,-0.2600879379506506,0.5923581582330094,0.10651732539243874,-0.3421760630981392,0.3672055199470794,-0.09190556352246525,-0.269670836581449,0.347318774288222,-0.2841618592008453,0.1250657716423459,0.022507472218524414,-0.006743081917860322,-0.06384189367483986,-0.01812701472166485,-0.010949299362846224,-0.000621484575188663,-0.007056899466689684
ppg_green_tke_std,0.2026427538521662,0.34574536034496195,-0.2162243887123244,-0.10426988350813839,0.06838986050240878,0.1201523193952234,-0.029118369183008613,-0.2466602803712128,0.18783796264886224,0.1842236232560759,0.13199393440615909,0.3959067045530325,0.03999072289233505,-0.05196072128331312,-0.0898893128810234,0.030896953173266645,-0.08251824460952772,-0.661003836416729,0.02264422221890023
ppg_green_tke_p95_abs,0.26459100950410636,-0.21872283197576228,0.0065164977966167175,0.3369739866979183,-0.004631198461047847,-0.24923491959919516,0.14609388398619416,0.0662439435631262,0.1480826476458631,-0.32169496716857016,0.6415997999541265,-0.22656309424344775,-0.020850318699580282,0.11300946857598657,0.13449383944091312,0.01596603361506243,-0.026963538039975893,-0.24444120334597147,0.01617508338328878
ppg_green_dx_mean,0.0015311677272544751,0.04254745160756861,0.1392062067962263,-0.08222533536722171,0.953460955469725,0.0128595736039936,0.1245391776475807,0.1491390487217346,0.028052209119372246,-0.1333139432958537,-0.03733422875644862,0.009322705969146989,-0.05630912361997204,-0.029694151483884584,-0.02382496178210474,-0.019352380971511377,-7.052246770111299e-05,0.00031560325874106934,0.0027151012429376805
ppg_green_ddx_mean,-0.04540814511864548,0.1193881809137541,0.20316304824071804,-0.542017199678906,-0.1076059582584993,-0.4430719269441685,0.6000309184580049,-0.24762030694406675,-0.10665675793352472,-0.0005801906233730688,0.06936559605211577,-0.04535524691767409,0.02213030886495759,-0.00022619943563457557,-0.009988267309259807,0.022138979652843793,0.007421093714563132,0.0008602456060788077,-0.001341720436931486
ppg_green_ddx_kurtosis,0.21511225768059922,0.14203265547907098,-0.020395114132603687,0.032222812422398384,-0.10597474432745047,0.6620606980112267,0.49247286909347937,0.21209412737624395,-0.412778208716619,-0.1112092286397476,0.0914125576244064,-0.04973618300295363,0.0273320202332078,-0.023896447559911535,-0.005168734787343217,-0.00027590947439840594,0.006236551210275394,-0.005831819326003786,0.0054451096503553365
