,PC1,PC2,PC3,PC4,PC5,PC6,PC7,PC8,PC9,PC10,PC11,PC12,PC13,PC14,PC15,PC16,PC17,PC18,PC19,PC20,PC21,PC22,PC23,PC24,PC25,PC26,PC27,PC28,PC29
acc_y_dyn__variance_of_absolute_differences,0.1969512790789069,0.14178955248372502,-0.20193428577828776,0.23880957854098456,-0.01924558535173267,0.1778635786745348,-0.23101916732006833,0.2279029144033683,0.006981428931091415,-0.31997694158673917,0.24775630763170112,0.025482575592026897,0.1080759278213574,-0.10176787242690795,-0.08879386951276987,0.21540246073663655,-0.04209474705051655,-0.35441767827606674,0.007428136384780486,-0.16849741292241824,0.04244381033807098,0.17145618105147223,-0.07761584546963558,0.015235328171026838,0.3984691812747016,-0.026664591080276745,0.07428185621339031,0.009730028633246143,0.326818286147812
acc_z_dyn__lower_complete_moment,0.1772812444741473,0.1554410318216272,-0.31171523117616445,-0.13687275606127308,-0.2918469419266002,0.14968902042730617,-0.19189889663867485,-0.14480810204718508,0.08427578986677058,0.0646113648804285,0.06455708903446941,-0.07063055739992558,-0.034859616463182794,-0.04248408357559501,0.02473946625354511,-0.380013425839529,-0.19512842171830042,0.01660354667479417,0.06768187988769243,0.4510092019269343,-0.39814236401620273,0.08680754538175256,0.009142013133378913,0.15401389794127623,0.07674670701816273,-0.00941214455787282,0.2030514156774578,0.09605004252995075,-0.04500479564584935
acc_y_dyn__quantile_0.3,-0.22104664602720195,-0.12052720779257212,-0.26819143717256533,-0.15622877817022365,-0.01950373358235265,-0.23323303822503652,0.1524551575870614,0.03585050022338865,0.0981411474808237,-0.05078607681910621,0.037513482232259275,-0.0319870251092935,0.03487845132828339,0.09022708807887549,0.027925475407170833,-0.008526969207117013,0.17104048220824292,0.1623951354773265,-0.09738188371695361,-0.1588906877936046,0.19276918440693155,0.055960723934264045,-0.05219000118381832,0.045028519032288106,0.36654693603167404,-0.04373320992735741,0.5728573787603082,0.27628296868602725,-0.24485456897489485
acc_x_dyn__quantile_0.9,0.23666998063835815,0.1311675247737093,0.08920760420057926,-0.1511741415683746,0.0790621162097056,-0.1292785687898511,0.09084241325698345,0.053673977040920584,0.15476802205226245,0.12895778300991761,-0.06862322510321452,-0.024729926446451486,0.09856060294276302,-0.10424658620048344,-0.007231968063347957,-0.032865194070786787,-0.2721199473773595,0.039256869704861364,0.08010807786139164,-0.2134652920066088,0.18409169864606406,0.55541955250442,-0.31587367611490463,0.39295395280163,-0.18054566862634136,0.1773570310597425,-0.009517614311701315,-0.010719795637798612,-0.07650729806341189
acc_x_dyn__katz_fractal_dimension,0.1805689235001756,-0.2409708595935872,-0.14706766442474653,0.22428332925429878,0.13093113749863883,-0.05003123243615488,0.024997820281829206,-0.20885296491288644,-0.0028530762482089148,-0.041166551309764085,-0.17954665530570316,-0.3249896215339631,0.09731528728979004,0.04596177605151686,-0.05931687719821934,0.15921839449361141,-0.04928444647825767,0.28244671382652947,0.23907677799151134,0.041109113581206135,-0.1966451544185518,0.17837937734811699,-0.38598781450962405,-0.4729678456197354,0.048218264026131,-0.053702190016765836,0.02438327614726436,-0.049213931533412414,0.03230628828690201
acc_z_dyn__quantile_0.6,0.19864318677007275,0.09243710065379365,-0.13128213786135265,-0.1710438116943204,-0.2862050501835647,-0.04315298298862743,-0.3343229095435045,-0.3326338294328899,0.06332539189353258,0.16425450780790918,-0.1544012502362777,0.12350476598507738,-0.153122950717796,0.02200223237408001,-0.10196917926499384,0.1223625317215298,0.16118173631984364,0.1490044565795547,-0.25228631330637713,-0.5299681829580288,-0.16840492774560495,-0.01942296681503393,0.034424594455424624,-0.032995319010244786,0.12646542719486126,0.006896573744555672,-0.17867617152113577,-0.07461769587508592,-0.051836683084575806
acc_x_dyn__approximate_entropy_0.9,0.17276800505788395,-0.25465173091749993,-0.19446009711359802,0.11706592703702573,0.1593214384720877,0.005334863116931486,0.015458800174283601,-0.2290965574794878,-0.048935558201691674,0.015934580072212774,-0.28590081257216743,-0.3284205514657414,0.14904861144818304,0.03350299447857082,0.03393122018898298,0.09536923139301084,-0.0455618278057462,-0.23280212798248928,-0.21268436340865285,0.061184712461007824,0.13021478465065198,0.10169953286341453,0.3852868702967141,0.32076378823597973,-0.013921784501177157,-0.3951972111119151,-0.06677416248660246,-0.002183293927719612,-0.07136442928951187
acc_x_dyn__max,0.20518641838455973,0.16215637002014324,0.012686511242131536,-0.24956544951850226,0.19496015274111475,-0.14087558340505096,0.0340875091383363,0.12258517045754931,-0.004464024894102355,0.3433019940114475,-0.09693331890570818,0.15259976877068268,0.19094090132556985,-0.06149254355684387,0.262474188784128,0.11986889466262911,-0.1471562096576694,-0.1422533974187296,-0.4101272694331448,0.28435471139069807,0.06786429318806816,-0.05573479676999994,-0.12850260148074208,-0.32406412532930157,0.29333816497098714,-0.02418818874050552,-0.04305130745267432,-0.10762180138812333,-0.02814205720307891
acc_x_dyn__quantile_0.3,-0.23915891411784904,-0.09854253353150506,-0.18546472895459853,0.11033570844102149,-0.04446347421465415,0.2757910679395265,0.04859638120661732,0.003325619354024252,-0.04876195756366811,0.09269513657480481,-0.01662637625433715,0.07001058992247809,0.013157048632857521,0.012726397804425683,-0.021517468892797043,0.060694646166923216,0.19287420636655594,-0.07966242288035243,-0.24501163083262595,0.052965682989273344,-0.05991170470790723,0.17332272012617003,-0.14041346824661713,0.07535545036438862,-0.1592314295359603,0.13692316231387497,0.29196361697519074,-0.6974720894802457,-0.06527681822898336
acc_y_dyn__avg_amplitude_change,0.24107456987016548,0.1073150840488473,0.036272857862399366,0.23913187211166423,0.05338588722887954,0.1154861759754596,-0.15812828750028737,-0.005874358504680106,0.03681253693702646,-0.14141928014000574,0.18896833436932742,0.11504672901679579,0.061394065502650606,-0.13419302118018575,-0.0639806530876468,0.21438454291369316,-0.17334166660586098,-0.024665442988116532,-0.12798570526583303,-0.0287067470023682,0.00836991616745871,-0.12110200833836933,0.05604079737769358,-0.16332274069765193,-0.3282353239522013,0.010365014192570764,0.21246504842045108,0.13149190717997802,-0.6525502368127405
acc_x_dyn__variance_of_absolute_differences,0.1873196842859978,0.1441764455838892,-0.28492945547933257,0.03942974515265771,0.03852389030360239,-0.12687672738444603,0.10410419293529002,0.4425996413187973,-0.020754399667036353,0.16691706393636124,-0.1461743963363843,0.02996407886894775,0.060842011757182186,0.27294677852638644,0.2485823849386161,0.31994763156975536,0.2003727791266145,0.028844792174074558,0.2565010687431827,-0.06992787157278262,-0.36456309299688966,-0.07171977831216197,0.17995440279743327,0.1421004909686548,-0.1702022727748635,0.10107525228368495,0.037387065963108215,0.034951180198884324,-0.007638487004633479
acc_x_dyn__cardinality,0.13853958800633326,-0.20092592371776952,-0.06145358690943141,-0.3321721280482254,0.3946417143687721,0.2186575031851675,-0.08534448246976913,-0.05474429169208097,-0.042454024190019354,0.31156375218843363,0.23796177508415675,-0.20796959614433175,0.14379666550632733,-0.08138252988513836,-0.21140826749885674,-0.13340051689229981,0.1590642131647446,-0.26640751155057724,0.1814902352823856,-0.20328312575004395,-0.06715764028034606,-0.3157981204207797,-0.13012679124746787,0.0458386540213727,-0.044575073923359694,0.1300363885224536,0.0964111753077457,0.043876243465520874,-0.004374238493927893
acc_y_dyn__katz_fractal_dimension,0.16128213676237416,-0.25069723462631044,-0.06354487713295215,0.26232158867059635,0.07864041668142825,-0.10027208108697203,0.0007415154874167633,-0.04087117510097261,0.05112603083024453,0.28655798165219426,0.5625489690445216,0.0988025256532333,-0.10851224316756115,0.14048925890532468,-0.07511655591921783,0.16340055053122146,-0.03961998250785339,0.3967782551029552,-0.14795308530289747,0.1864694547459648,0.06828993699026896,-0.05158760330291055,-0.0036600116948161485,0.2800939918724591,0.11647049274462372,0.031986530252024796,-0.14484970585592713,-0.025317775091844404,0.08891631685833552
acc_z_dyn__katz_fractal_dimension,0.1716839614335235,-0.24521063699419635,-0.08232190832290154,0.18645393818516348,0.1870212506115812,-0.16456228276043763,0.01694661397439225,-0.02239276693664321,0.126351494596936,0.012483820422562875,-0.11886133497462004,0.41664595355678025,0.06115135148085542,-0.41950573155767523,-0.052962252741843706,-0.2765117509722191,0.3087871278266251,-0.011505561255208832,0.1290817669989883,0.05959208714025897,-0.03877735573052468,0.2243268022669154,0.31411305960246316,-0.11869217291894855,0.08696660978581958,0.23054550773610208,-0.0373907202558605,0.0010745894951538326,-0.028062310282658025
acc_z_dyn__harmonic_mean_of_abs,0.20184688954119487,0.09492546992812284,-0.06283253769326722,-0.17040262326292577,-0.20430797922855642,0.12116005728995047,0.2218476979424874,-0.46335176723059035,-0.08284146775314996,-0.02511321771065874,0.06819558118524782,0.290567752867591,0.04675944576194881,0.1584785125505672,0.06225986667638275,0.2948826933362767,0.24815832396375648,-0.1751993331792193,0.3496508144964137,0.22667421772060142,0.3300623583118035,0.02643779087236042,-0.06807217388160552,-0.0029380066578001077,-0.03204916814900483,-0.002664944996228011,0.015663687377284127,0.02710045652876649,-0.0032799487032227634
acc_y_dyn__quantile_0.4,-0.1783892485484698,-0.08250260700835192,-0.34871420625163607,-0.19124766085233133,-0.13831643027393353,-0.1571349455220375,-0.01377376575439074,-0.0377414107856699,0.3699061310673472,-0.24345801754573695,0.2700820052081005,-0.05171618569807808,0.5047092509724018,-0.061378274678420795,0.19094202076194133,-0.03048357283255066,-0.029402311223221525,0.04063300719503571,-0.046103019625033555,-0.05324174712882357,0.047255953372368764,-0.0852009425517126,0.01816308582948335,-0.09626605703018531,-0.24535275067724333,0.02312644455389468,-0.3031809665085744,-0.09865501468761464,0.034625750615467014
acc_z_dyn__variance_of_absolute_differences,0.17350300403014016,0.1434624892420239,-0.4126224892934168,0.05995172142925187,-0.08599457092789253,0.062268768302232394,0.08499016079995031,0.3050991497057326,-0.2312987704964652,-0.005361085646103037,-0.04421255378982698,-0.1282397448136128,-0.18076696554472665,0.02265860877684176,-0.14280048729599423,-0.3350931168224017,0.13287287607092865,0.08289548006118462,0.04304922975831543,0.006606002436219712,0.4033348099239131,-0.08257086366241834,-0.13339236218768916,-0.07919692880149289,0.04468818270895636,-0.0592069494809731,-0.3387179374426795,-0.10957938992928314,-0.2717693341056599
acc_x_dyn__harmonic_mean_of_abs,0.2152266690249552,0.09719456586643194,0.19197635181189457,-0.08775856776248234,0.042033978712280845,-0.21397368832528765,0.023513965357745796,0.049980991891571944,0.3098364686462769,-0.23547401325329054,0.10183267465508594,-0.28113562185538016,-0.21109622044442788,0.15103850444129813,-0.17142407982260424,-0.007908402595122833,0.5176197861616917,-0.1713231628751448,-0.3037621156588021,0.2360573640443528,-0.09723310240808174,0.12630425546525106,-0.11304751041885656,-0.02737007169904522,-0.1451578518521912,0.04307593546552521,-0.030996071841512502,0.0563910237216849,0.010747737871975523
acc_z_dyn__sum_of_absolute_changes,0.2488083507186119,0.10531772288601624,-0.19189938341674617,0.014694374631490901,-0.027108734410976894,-0.0590096694122496,0.09272498932873369,-0.018224845508126912,-0.06676570616262459,0.01106861670023126,-0.09090664368253698,0.019763377162602822,-0.056359757147775504,-0.15811864092843445,-0.09294792498759594,-0.061680008627710815,-0.07481595558525976,0.1828454981242731,-0.2200835805861279,-0.04889492176238118,0.2350508651840814,-0.19049401280179776,0.0678458588102384,-0.11652368404864713,-0.42730570411836966,0.007997052286005488,0.37419626869345596,0.0850794789453285,0.5417260849778187
acc_y_dyn__harmonic_mean_of_abs,0.1883712808884519,0.11317176401294662,0.2916604931496239,0.1523001861895297,0.043422733628341,0.23952895256577547,-0.24070134400759954,-0.029295703232306063,-0.1428418759424781,-0.05168785700681236,0.009188347866607695,-0.04388754312696732,0.4247793880979523,0.2462953046496074,0.37554572430238603,-0.32016999760510223,0.30504584354410935,0.286735141540726,-0.06437879296826252,-0.0769774500698083,0.11784068107811353,0.037116439559884945,-0.005311410286310833,0.050173199855146816,0.036417914909832566,-0.0006978028349710068,0.09909192151372129,0.016438033086354796,0.03313518525063617
acc_x_dyn__quantile_0.4,-0.19334749212053928,-0.05640066808312351,-0.13000142685456648,0.16001344912414767,-0.039887348787150535,0.5487466360210602,0.1666754274711781,0.05416399116771748,0.2619342596255036,0.23973194223451652,-0.14705521800540716,0.07176321079723895,0.0027668495476451567,-0.02796128820858899,0.0366496882951256,0.06527098501953167,0.11524246506120875,-0.01664580226739103,-0.23380336305982327,0.006416631631941035,-0.006795102609482497,0.1234767298427845,-0.16128092932179466,-0.04615696366443395,-0.08361595008361347,0.05185632962907105,-0.1910640984804755,0.5131918020576499,0.05480682603437995
acc_x_dyn__quantile_0.6,0.19550794450806264,0.10384358760217505,0.15005724496919814,0.028009044448507506,-0.007775024663552651,0.2672910427053667,0.22948761339265072,0.05395255603659012,0.6615575122596595,0.030048762457260694,-0.08987608484623887,-0.1073240774521225,-0.10043338505417776,0.000748190931857399,0.007706952913847343,-0.02561837413680426,-0.09749676578666278,0.13616510343689966,0.190554400119154,-0.08048226949458546,0.12551215945136884,-0.22432076323114697,0.1961128212913746,-0.030743789195264166,0.21662002245410367,-0.09363925571711772,0.10510753391459636,-0.2972297195931912,-0.015855994320304434
acc_z_dyn__approximate_entropy_0.1,0.1214035578837111,-0.27090348369971073,0.09603293567436968,-0.3257925395937925,-0.13262770624601328,0.18739129370905183,-0.03151416921882486,0.2635721531749638,-0.06184818623768852,-0.13613637522986244,-0.14342157594436433,0.13948582033070964,0.2793506570589953,0.3228830592815043,-0.5207415375130279,0.07960851806317143,-0.1316144625567481,0.16727355551151757,-0.07373471616502847,0.1268670466790021,0.023046438684467825,0.12077403808679936,0.21080385095388388,-0.08441724117842679,0.031140357469093802,0.12837859658786413,-0.009965942183016744,0.009452152766723806,-0.0003375988427202236
acc_x_dyn__approximate_entropy_0.1,0.11346157939486792,-0.26293193889347083,0.09934606518058511,-0.38119517275341297,-0.11923796693770458,0.2236314805701346,-0.05903942696107182,0.238229002691371,-0.1325822182095307,-0.1105791951726796,0.11507495868191284,-0.0981957878014731,-0.1963948464679629,-0.47494678682612385,0.2894157443943271,0.22896008695090053,0.161419418322502,0.24957643638952656,0.0401659803726097,0.04577349961049071,-0.01003452024233641,0.13453683553554588,0.019821850986102584,0.011694340699955313,-0.043672860591221635,-0.26858303490650903,-0.000803147089065855,-0.019911286609360982,-0.010072182793576993
acc_z_dyn__sample_entropy,0.15810569089397106,-0.3136969288779799,0.03189428378337398,0.05033835628714834,-0.031626911389198056,-0.08021339130406945,-0.012566024608509698,0.11393885977457922,0.12192297862241559,-0.1748744292920351,-0.19699698984524075,0.4323472926677553,0.01674165257460347,0.08004825411990167,0.01145048073382062,-0.14805726636718436,-0.007036729990533864,-0.10137808203434848,-0.020840999159310244,-0.019685800069996484,-0.12373498018421047,-0.29254243695178855,-0.47580148987488313,0.23374310014417243,-0.061898210933057744,-0.39368566736400673,0.01971729265459554,-0.01637970739845415,0.0035748578583670925
acc_x_dyn__sample_entropy,0.15888079006343353,-0.3209146213762069,-0.019832454462131905,0.014989103972737138,-0.10997097463952336,0.03350557268323633,-0.019521476151253343,-0.05110425692299232,-0.034364076632461306,-0.25688482355542447,-0.1960151979584017,-0.1546468062888013,-0.16689822669113275,0.004992255162664537,0.3119689287082927,0.0569810352082582,-0.14086849995652675,-0.07842659432176774,-0.11343141111948166,0.043320783223436216,0.0967856339540075,-0.2590826181298921,-0.07422209676084263,0.14124136388038966,0.116754135894203,0.6617136197718545,-0.030778913250015524,0.03068495174358061,-0.030188529841234445
acc_z_dyn__quantile_0.4,-0.18262119463967946,-0.07667299714953053,-0.022759710224277068,0.037238568555523224,-0.028945133172087592,-0.1089482191354359,-0.6971271310563812,0.13279037399914426,0.24749559523369616,0.23323102845186114,-0.19176110019532042,-0.03273889783955074,-0.0765160307442261,0.03791155595305122,-0.00800878470226097,0.1352952031200065,0.06230526931921998,-0.03745065772617593,0.21972380754563403,0.22492466127397945,0.3693470011317711,-0.009467755304892599,-0.04409048334310644,-0.01607573745295119,-0.11210709435617512,0.004022736960142422,0.08077970797786956,0.013863364590914326,0.03489964145100889
acc_y_dyn__sample_entropy,0.12806770321910887,-0.33638735424370025,0.019255774453966482,-0.009558711099113566,-0.16206300240840568,-0.008379623480472236,0.014240577372744206,0.07878239298331609,0.039504957938146124,0.15295083955394057,0.24569396016550293,0.04561036569232657,-0.2595256473080771,0.3628782385682717,0.2765896603577887,-0.23927752964280977,-0.16591252666866105,-0.30470482546989686,0.017293303741431478,-0.21431000282997695,0.0531700195128742,0.26712454223931864,0.13890312450127723,-0.3494761226220416,-0.147477039306777,-0.08322416106802072,0.07464543230123843,0.003013807723778331,0.024061914033671545
acc_y_dyn__tsallis_entropy,0.07885603534694752,-0.11927561409792306,0.24182848147871364,0.2328172751833081,-0.6291655583187614,-0.1818940256298066,0.15286479754712878,0.12507534660512726,-0.06084556471355481,0.33163211277734445,0.020063346093858424,-0.22450820202384336,0.3081087006432057,-0.24141698793018992,-0.13067435393397572,0.018307632634300224,0.1046015685769035,-0.17170219950442778,0.02307777972781282,-0.016456239377912695,0.0010872235203506816,-0.11153182795025145,-0.05294313696083428,0.004268071433953124,0.04311824278069767,0.011876407599463247,0.06264596315895499,0.01836752774633388,-0.0325724801235102
