,ppg_red_mean,ppg_red_std,ppg_red_min,ppg_red_max,ppg_red_range,ppg_red_median,ppg_red_iqr,ppg_red_mad,ppg_red_skew,ppg_red_kurtosis,ppg_red_diff_mean,ppg_red_diff_std,ppg_red_diff_mean_abs,ppg_red_diff_rms,ppg_red_signal_rms,ppg_red_signal_energy,ppg_red_zcr,ppg_red_p1,ppg_red_p5,ppg_red_p10,ppg_red_p90,ppg_red_p95,ppg_red_p99,ppg_red_p90_p10,ppg_red_p95_p5,ppg_red_p99_p1,ppg_red_trim_mean_10,ppg_red_mean_abs,ppg_red_rms,ppg_red_crest_factor,ppg_red_shape_factor,ppg_red_impulse_factor,ppg_red_clearance_factor,ppg_red_mean_cross_rate,ppg_red_tke_mean,ppg_red_tke_std,ppg_red_tke_mean_abs,ppg_red_tke_p95_abs,ppg_red_dx_mean,ppg_red_dx_std,ppg_red_ddx_mean,ppg_red_ddx_std,ppg_red_dx_kurtosis,ppg_red_ddx_kurtosis
ppg_red_mean,0.0,0.05335492579064512,0.06534386559764548,0.0016390863179324567,0.032429804682358315,0.26280471171359987,0.07178565422527375,0.07379909119953944,0.1458214254862607,0.007824579630804185,0.0052260415777734,0.036505877528988984,0.0479501745046656,0.03648823492466866,0.05336168640551582,0.0870335503611477,0.0027530256972535696,0.07320950803877681,0.10708121551195164,0.12426479811855942,0.026852058195508396,0.007983001868337246,0.0013975738604311756,0.07575620564234693,0.0575453185704314,0.03654593335174017,0.6914336019791505,0.06385262496812852,0.05336168640551582,0.010800213901916733,0.01131224809963769,0.009592877005694856,0.01845664081959952,0.014469051711967102,0.046309637750610484,0.010857759313138047,0.046309637750610484,0.0363024298265388,0.0052260415777734,0.036505877528988984,0.42831084987559565,0.03709953415520277,0.00945753771936174,0.00212156691297003
ppg_red_std,0.05335492579064512,0.0,0.9315376868074328,0.8992169577559841,0.940603949421032,0.12522760997387197,0.9104956952648754,0.9106676662637826,0.11209498477093979,0.05550013849496127,0.04095492033141983,0.9468093677864186,0.9431232146268858,0.9468451991125358,0.9999993422198687,0.9225122221825282,0.2399919460307131,0.9520729702763336,0.9757196313363993,0.9601757980239704,0.9597289211853894,0.9828096582195454,0.9513745936746094,0.9663785812873991,0.989290576482204,0.973529333518345,0.06947704594508522,0.982570931948518,0.9999993422198687,0.03448108731541523,0.06722584575887917,0.028332730586849524,0.04388007362921909,0.21438972585547197,0.858315177927095,0.6708245408536563,0.858315177927095,0.9465075816264606,0.04095492033141983,0.9468093677864186,0.050556655510205474,0.8861423098522283,0.0929471602839532,0.2293297108591394
ppg_red_min,0.06534386559764548,0.9315376868074328,0.0,0.8935581605485987,0.9725380721326016,0.07104871996011061,0.7670627429763266,0.7686049216314406,0.00337655019031148,0.08995683125294038,0.03518349461820263,0.9261354768081267,0.8576916092030665,0.9261615984896697,0.9315249370746573,0.8494840994566827,0.23277957610929917,0.9772283744581679,0.8753222971933177,0.8312204631520244,0.8348397411477813,0.8915827308724524,0.8915271150070526,0.8386193420562493,0.8925545757019165,0.9555776098286876,0.014300432412199384,0.8728565856339239,0.9315249370746573,0.17726613778122402,0.05836619911931138,0.11462578492134926,0.09107739822806526,0.22781765687255054,0.8709139606304102,0.7945135559852707,0.8709139606304102,0.8975537909092954,0.03518349461820263,0.9261354768081267,0.06233267813663291,0.8797468569295485,0.21419902623396764,0.3580723491157855
ppg_red_max,0.0016390863179324567,0.8992169577559841,0.8935581605485987,0.0,0.9735090875723917,0.11822563416168526,0.6897019101791929,0.6895210320391197,0.24178486731375892,0.1450709506294677,0.016160571172432147,0.900434472234067,0.8213618149958,0.9005017558599004,0.8991969545032908,0.7734382696691626,0.21929914157451705,0.9091139602833984,0.8325046293469441,0.7789096067347052,0.7714698783294142,0.8605809292578053,0.9563467935524317,0.7803567128487496,0.8553368665770061,0.9542181399933112,0.14836280960199563,0.819890767428072,0.8991969545032908,0.24171392949648085,0.1002540229408997,0.16693262020114627,0.12149537625103297,0.21261782491681838,0.8170996612822566,0.7534742518747737,0.8170996612822566,0.8742466444731224,0.016160571172432147,0.900434472234067,0.02420157905812021,0.8474344712386532,0.2250607956585902,0.3642817223127408
ppg_red_range,0.032429804682358315,0.940603949421032,0.9725380721326016,0.9735090875723917,0.0,0.09747568361222246,0.7482200560793499,0.7489117145154846,0.12362671281374103,0.12102273833755303,0.009540924204528452,0.9384837964698041,0.8626324913275193,0.9385319814602442,0.940587085890556,0.833607839063839,0.23224363055734623,0.9690049696337503,0.8773884471441349,0.8271426507600752,0.8251290316690498,0.9002252111033108,0.9498439340348365,0.8316611000931189,0.8980015374256438,0.9813612247395215,0.06963122534160529,0.8695933710015731,0.940587085890556,0.21559101187837465,0.08169962995881642,0.14492015435354802,0.10937136555416484,0.22625279609247725,0.8671570263208258,0.7952616474561875,0.8671570263208258,0.9103508594261746,0.009540924204528452,0.9384837964698041,0.044292558074390684,0.8873818149578656,0.22576754508217858,0.3712171030400741
ppg_red_median,0.26280471171359987,0.12522760997387197,0.07104871996011061,0.11822563416168526,0.09747568361222246,0.0,0.14061008221918966,0.13529170101479618,0.14030452114152883,0.03841070812146206,0.007037123933615569,0.09716202808950308,0.11233909103292052,0.09716869073398808,0.12536950997990876,0.1240199727633743,0.027498407441475133,0.05356481539855634,0.07769931283185778,0.10813302851174353,0.1821197209798084,0.1745775341833595,0.14625540068441226,0.14633215183229964,0.12798513386366978,0.10242645341667606,0.34372435058224776,0.13486871936655742,0.12536950997990876,0.038543632963905436,0.031468769352874924,0.03636060943801523,0.029479693699497708,0.011698775247285405,0.07403993300217107,0.016542526682997712,0.07403993300217107,0.10972498558395043,0.007037123933615569,0.09716202808950308,0.08520950310840222,0.08396983921307621,0.04945787866974379,0.022196821887400943
ppg_red_iqr,0.07178565422527375,0.9104956952648754,0.7670627429763266,0.6897019101791929,0.7482200560793499,0.14061008221918966,0.0,0.998841550558053,0.0660809420868905,0.22727390907107406,0.06299912792325157,0.8303508734584619,0.9080248696480622,0.8303687532507309,0.9104957749790161,0.9061794007545587,0.19022690623485564,0.7850287306345103,0.911196402308981,0.9559353482484398,0.9593203443410495,0.9041330228046468,0.7911902685638067,0.9640506248917293,0.9168786925255518,0.8061828902268615,0.04387594514932148,0.968275213120596,0.9104957749790161,0.14002632185418132,0.2725282080322928,0.21344773361184294,0.22036505973895937,0.13521926168889917,0.7655676447844187,0.4933334440101268,0.7655676447844187,0.8425895710741567,0.06299912792325157,0.8303508734584619,0.06016246207210753,0.783601268959208,0.04597724967412987,0.04897902357814195
ppg_red_mad,0.07379909119953944,0.9106676662637826,0.7686049216314406,0.6895210320391197,0.7489117145154846,0.13529170101479618,0.998841550558053,0.0,0.06469571859499558,0.22752176892132658,0.06347739226429557,0.8310815622056453,0.908328933790408,0.8310981358692549,0.9106681900101431,0.9069246064562443,0.18937423259145045,0.7862002837436168,0.911914520299459,0.9570659764778011,0.9589538949903184,0.9037717221350723,0.7910746409834369,0.9644305370170357,0.917052674518655,0.8067197972628036,0.0449524545094499,0.9682513208065352,0.9106681900101431,0.14009228758150136,0.27224837960664877,0.21345459690485252,0.22023665290921535,0.13490478102426734,0.7674120952545023,0.49524872909932527,0.7674120952545023,0.8435381267287199,0.06347739226429557,0.8310815622056453,0.06022832888671593,0.7849453338382238,0.04602255542377195,0.04931093634559252
ppg_red_skew,0.1458214254862607,0.11209498477093979,0.00337655019031148,0.24178486731375892,0.12362671281374103,0.14030452114152883,0.0660809420868905,0.06469571859499558,0.0,0.009519916315029249,0.021950643478128154,0.10122992494479423,0.0975672930531185,0.10127129477386425,0.1120842206362292,0.042031103045946386,0.06390994614091099,0.014391949603785668,0.09175099930173611,0.09801196038087072,0.08293540234341912,0.12255031024768331,0.24781678785347958,0.09103178209362346,0.10842141075500815,0.1346802344776468,0.256573323107079,0.09540205361512122,0.1120842206362292,0.049446717328652114,0.057693527512703874,0.03611501712215043,0.00376846662152905,0.07115685557108295,0.03455431876318596,0.0051537681368067165,0.03455431876318596,0.11283016559660593,0.021950643478128154,0.10122992494479423,0.09449244392452368,0.07702807734070873,0.04610158509902926,0.03769272658945295
ppg_red_kurtosis,0.007824579630804185,0.05550013849496127,0.08995683125294038,0.1450709506294677,0.12102273833755303,0.03841070812146206,0.22727390907107406,0.22752176892132658,0.009519916315029249,0.0,0.03344905266725427,0.012037469748442572,0.13519024159932835,0.011981229227155188,0.05536926116212922,0.09445732984453085,0.005892072598671039,0.05244552243918726,0.1266841137897116,0.183575419884048,0.1909604135163412,0.11965970233278304,0.04893041542259775,0.18854518347800076,0.12438716471479103,0.051840793625649896,0.020300307476033612,0.14950116285512638,0.05536926116212922,0.885385782895029,0.8305383249553225,0.9463530840415418,0.8197376511448552,0.09807240206012896,0.018909384083632675,0.13483416519385563,0.018909384083632675,0.06483154680075354,0.03344905266725427,0.012037469748442572,0.008985722715706513,0.009788645123866013,0.5899467500396173,0.5060377835977051
ppg_red_diff_mean,0.0052260415777734,0.04095492033141983,0.03518349461820263,0.016160571172432147,0.009540924204528452,0.007037123933615569,0.06299912792325157,0.06347739226429557,0.021950643478128154,0.03344905266725427,0.0,0.03387615883737248,0.04108621436546327,0.03379915749872884,0.04103440181995391,0.06788069553532301,0.025739378076009352,0.0028547678134425744,0.056449151992204856,0.07255217083159665,0.07168757728763467,0.05568528751951136,0.01791854291017751,0.07260003831411538,0.056634479814647566,0.010661550626829087,0.0031501730935758875,0.05436859486744913,0.04103440181995391,0.032300796345664795,0.014279206056763707,0.022665708294969104,0.017832050139856167,0.031158946575046167,0.03372919332463785,0.00605830813218168,0.03372919332463785,0.042725285032336434,1.0,0.03387615883737248,0.156086743565203,0.03937475125774364,7.814627676271864e-05,0.0025398752939119287
ppg_red_diff_std,0.036505877528988984,0.9468093677864186,0.9261354768081267,0.900434472234067,0.9384837964698041,0.09716202808950308,0.8303508734584619,0.8310815622056453,0.10122992494479423,0.012037469748442572,0.03387615883737248,0.0,0.9675335818928009,0.9999998942129911,0.9467432613444576,0.8331146744300755,0.11929162466198848,0.9263466631505569,0.9119151674734612,0.8840228199879352,0.8848037117762237,0.924668119646615,0.915617838391522,0.8903375777792926,0.9277286413987381,0.9420588368928576,0.05384286153542437,0.9150077883062333,0.9467432613444576,0.09231330758382707,0.045323014876016476,0.01637123468259925,0.00899270958861107,0.09951188486614095,0.9266262263602928,0.7751273939248635,0.9266262263602928,0.9842326057357487,0.033876158837372494,1.0,0.03859654708210562,0.975516024492587,0.1585936626897297,0.2715482671597742
ppg_red_diff_mean_abs,0.0479501745046656,0.9431232146268858,0.8576916092030665,0.8213618149958,0.8626324913275193,0.11233909103292052,0.9080248696480622,0.908328933790408,0.0975672930531185,0.13519024159932835,0.04108621436546327,0.9675335818928009,0.0,0.9675345998595767,0.943067969506849,0.8465639479132575,0.07198435272833313,0.8720003746503688,0.9329069053111516,0.9318781267958212,0.9330740857114294,0.9337282476748375,0.8828847466179394,0.9387235496115205,0.9428387445049587,0.8975744480642976,0.060706150814020095,0.9512669287109458,0.943067969506849,0.024260517839420744,0.16685693803701193,0.10816414586875957,0.12858839081079193,0.037573753975072316,0.8807429159159811,0.6390995710348305,0.8807429159159811,0.9710696146535825,0.04108621436546327,0.9675335818928007,0.03996526235972518,0.9343908402261264,0.020828924157449732,0.1269039185000727
ppg_red_diff_rms,0.03648823492466866,0.9468451991125358,0.9261615984896697,0.9005017558599004,0.9385319814602442,0.09716869073398808,0.8303687532507309,0.8310981358692549,0.10127129477386425,0.011981229227155188,0.03379915749872884,0.9999998942129911,0.9675345998595767,0.0,0.9467791910298128,0.8331453789957163,0.11933641743614606,0.9263810011494996,0.9119425623053398,0.8840434082133312,0.884823778940266,0.9246981357135939,0.9156625069614406,0.8903580399356273,0.9277576547055575,0.9420992706397889,0.05385131358521337,0.9150348123530075,0.9467791910298128,0.09237165407160068,0.045285693734844014,0.016421346905078505,0.008963298330954142,0.09955714707804557,0.9266085225037592,0.775105949535621,0.9266085225037592,0.9842316389027127,0.03379915749872883,0.9999998942129911,0.03866980799683802,0.9754961223718418,0.1586058908415572,0.2715501481477387
ppg_red_signal_rms,0.05336168640551582,0.9999993422198687,0.9315249370746573,0.8991969545032908,0.940587085890556,0.12536950997990876,0.9104957749790161,0.9106681900101431,0.1120842206362292,0.05536926116212922,0.04103440181995391,0.9467432613444576,0.943067969506849,0.9467791910298128,0.0,0.9225218566077364,0.24003831344793175,0.9520547764511131,0.9756977849089481,0.960155100669488,0.9597198872606837,0.9828109248183898,0.9513868026888929,0.9663636530055766,0.9892803153861637,0.9735263470235499,0.06952272671497292,0.9825660287005462,1.0,0.034565599376130816,0.06707767751213738,0.0282109919917566,0.04378278440808296,0.21449620457657761,0.8582262624060634,0.6707236652897518,0.8582262624060634,0.9464477928264983,0.04103440181995393,0.9467432613444576,0.05059877708913655,0.8860775980314879,0.09297348846922687,0.2293385439787174
ppg_red_signal_energy,0.0870335503611477,0.9225122221825282,0.8494840994566827,0.7734382696691626,0.833607839063839,0.1240199727633743,0.9061794007545587,0.9069246064562443,0.042031103045946386,0.09445732984453085,0.06788069553532301,0.8331146744300755,0.8465639479132575,0.8331453789957163,0.9225218566077364,0.0,0.19356422972936868,0.8619761342899144,0.8947462423303257,0.9128994016847741,0.9114780515025336,0.9061162253570375,0.818783786460336,0.9182920506753084,0.9096781188231041,0.8595301460812979,0.05063699074974987,0.9292302617189498,0.9225218566077364,0.05833809654377817,0.10619325479457131,0.08132812361429113,0.05513531237673751,0.17368091503964833,0.8643823503122455,0.6707602368811025,0.8643823503122455,0.8329031712604993,0.06788069553532301,0.8331146744300755,0.08011197852740451,0.7830870389422525,0.013339605740665995,0.14034412435935795
ppg_red_zcr,0.0027530256972535696,0.2399919460307131,0.23277957610929917,0.21929914157451705,0.23224363055734623,0.027498407441475133,0.19022690623485564,0.18937423259145045,0.06390994614091099,0.005892072598671039,0.025739378076009352,0.11929162466198848,0.07198435272833313,0.11933641743614606,0.24003831344793175,0.19356422972936868,0.0,0.2404640829968151,0.23799988700090127,0.22256572031878924,0.22063963878643783,0.23632315220934993,0.2392627596205661,0.22308039083617814,0.23956999510934515,0.24535657370690334,0.004149835019360044,0.22611796995471167,0.24003831344793175,0.026716935371947297,0.08829447630542998,0.0406100730404169,0.08565867989630027,0.9222521595225804,0.07216634517834021,0.09781123798032525,0.07216634517834021,0.128764536681355,0.02573937807600936,0.11929162466198842,0.0186213685629151,0.08102077910308735,0.13135514295484102,0.20007697587594456
ppg_red_p1,0.07320950803877681,0.9520729702763336,0.9772283744581679,0.9091139602833984,0.9690049696337503,0.05356481539855634,0.7850287306345103,0.7862002837436168,0.014391949603785668,0.05244552243918726,0.0028547678134425744,0.9263466631505569,0.8720003746503688,0.9263810011494996,0.9520547764511131,0.8619761342899144,0.2404640829968151,0.0,0.9070936702260919,0.8571603920385557,0.8579264887209449,0.9140676888100793,0.9114008169491711,0.8632877908821179,0.9199056154825661,0.9773817501095264,0.009165091917749635,0.8950459550832857,0.9520547764511131,0.1281077150430753,0.042943824293009074,0.0760228657469709,0.06206519168736054,0.23244642417100408,0.8587996850411204,0.7557378443130964,0.8587996850411204,0.9095002615293791,0.002854767813442568,0.9263466631505568,0.06928509653880359,0.8691187871537907,0.1657064769339479,0.31945419428837496
ppg_red_p5,0.10708121551195164,0.9757196313363993,0.8753222971933177,0.8325046293469441,0.8773884471441349,0.07769931283185778,0.911196402308981,0.911914520299459,0.09175099930173611,0.1266841137897116,0.056449151992204856,0.9119151674734612,0.9329069053111516,0.9119425623053398,0.9756977849089481,0.8947462423303257,0.23799988700090127,0.9070936702260919,0.0,0.9719581010746227,0.9581008223453358,0.9598248185377025,0.9154208418867423,0.9714472574784467,0.9896714577020489,0.9321576900587542,0.06588129562901779,0.9755372891917199,0.975697784908948,0.029659671883370355,0.11848989605927565,0.09435239546371804,0.11132540137454457,0.20320277813432436,0.8081798623207801,0.5889409566332259,0.8081798623207801,0.9226500307003209,0.05644915199220486,0.9119151674734612,0.07802848045627728,0.8548507521327781,0.058825154387251624,0.17127469509508597
ppg_red_p10,0.12426479811855942,0.9601757980239704,0.8312204631520244,0.7789096067347052,0.8271426507600752,0.10813302851174353,0.9559353482484398,0.9570659764778011,0.09801196038087072,0.183575419884048,0.07255217083159665,0.8840228199879352,0.9318781267958212,0.8840434082133312,0.960155100669488,0.9128994016847741,0.22256572031878924,0.8571603920385557,0.9719581010746227,0.0,0.973482429513151,0.953221735653833,0.8730799530748515,0.9932643394909162,0.9722963911854499,0.8849820462898514,0.13815327904881078,0.9854956936683444,0.9601551006694881,0.08772726211690239,0.19182291359786421,0.15586007429553472,0.16632595199707212,0.17898834900343372,0.794474886651184,0.5386796399574032,0.794474886651184,0.9005110779733619,0.07255217083159664,0.8840228199879354,0.07327875581502848,0.8273305373877516,0.011941795895624472,0.10457857182408303
ppg_red_p90,0.026852058195508396,0.9597289211853894,0.8348397411477813,0.7714698783294142,0.8251290316690498,0.1821197209798084,0.9593203443410495,0.9589538949903184,0.08293540234341912,0.1909604135163412,0.07168757728763467,0.8848037117762237,0.9330740857114294,0.884823778940266,0.9597198872606837,0.9114780515025336,0.22063963878643783,0.8579264887209449,0.9581008223453358,0.973482429513151,0.0,0.9656203078847057,0.8665644184039376,0.9934321054639849,0.971711524004499,0.8820236200011535,0.003499118853550339,0.986400401825021,0.9597198872606837,0.10018621063537124,0.19599044565499332,0.16376162437893022,0.16642530932702154,0.1762701856468547,0.7934270384680728,0.5404668492064686,0.7934270384680728,0.9005017609390693,0.07168757728763464,0.8848037117762236,0.029952449662081583,0.8270298681870598,0.007294156162945724,0.1072306019167821
ppg_red_p95,0.007983001868337246,0.9828096582195454,0.8915827308724524,0.8605809292578053,0.9002252111033108,0.1745775341833595,0.9041330228046468,0.9037717221350723,0.12255031024768331,0.11965970233278304,0.05568528751951136,0.924668119646615,0.9337282476748375,0.9246981357135939,0.9828109248183898,0.9061162253570375,0.23632315220934993,0.9140676888100793,0.9598248185377025,0.953221735653833,0.9656203078847057,0.0,0.9274992873998469,0.9658843197153418,0.9901363846169012,0.9419147049877006,0.0791606671700065,0.9736597540077347,0.98281092481839,0.027501752439032356,0.10657200006139504,0.08588783457379906,0.0878571678235606,0.21063449900931117,0.8325995698153908,0.6245645559443647,0.8325995698153908,0.9357539131591515,0.05568528751951137,0.924668119646615,0.01841304126461812,0.8612537589789273,0.043037343273838284,0.1793579283977707
ppg_red_p99,0.0013975738604311756,0.9513745936746094,0.8915271150070526,0.9563467935524317,0.9498439340348365,0.14625540068441226,0.7911902685638067,0.7910746409834369,0.24781678785347958,0.04893041542259775,0.01791854291017751,0.915617838391522,0.8828847466179394,0.9156625069614406,0.9513868026888929,0.818783786460336,0.2392627596205661,0.9114008169491711,0.9154208418867423,0.8730799530748515,0.8665644184039376,0.9274992873998469,0.0,0.8756257181170978,0.9309254658930595,0.977815827868327,0.1548534303220971,0.9020128171254163,0.9513868026888929,0.15160865465734139,0.03091160350310431,0.07635168752090497,0.031118967331665803,0.22280179391047006,0.7943836425490428,0.6484196138780769,0.7943836425490428,0.9129689338574722,0.017918542910177523,0.9156178383915218,0.008481536553606528,0.8537805710752671,0.15442735916475409,0.2862553503566177
ppg_red_p90_p10,0.07575620564234693,0.9663785812873991,0.8386193420562493,0.7803567128487496,0.8316611000931189,0.14633215183229964,0.9640506248917293,0.9644305370170357,0.09103178209362346,0.18854518347800076,0.07260003831411538,0.8903375777792926,0.9387235496115205,0.8903580399356273,0.9663636530055766,0.9182920506753084,0.22308039083617814,0.8632877908821179,0.9714472574784467,0.9932643394909162,0.9934321054639849,0.9658843197153418,0.8756257181170978,0.0,0.9785104376906281,0.8894092204015661,0.0708744847211307,0.9925526064530342,0.9663636530055763,0.0946252619195948,0.1952182203472999,0.16090590349803358,0.16748996052846676,0.1788100364725763,0.7992637734092551,0.543191764876161,0.7992637734092551,0.9065359879948365,0.07260003831411539,0.8903375777792928,0.05182415572149895,0.8327178730587886,0.009667674064676725,0.106622090451728
ppg_red_p95_p5,0.0575453185704314,0.989290576482204,0.8925545757019165,0.8553368665770061,0.8980015374256438,0.12798513386366978,0.9168786925255518,0.917052674518655,0.10842141075500815,0.12438716471479103,0.056634479814647566,0.9277286413987381,0.9428387445049587,0.9277576547055575,0.9892803153861637,0.9096781188231041,0.23956999510934515,0.9199056154825661,0.9896714577020489,0.9722963911854499,0.971711524004499,0.9901363846169012,0.9309254658930595,0.9785104376906281,0.0,0.9466469858223568,0.07333726707779682,0.9845249874501966,0.9892803153861637,0.028859644329164245,0.11360939105464489,0.09099003157158578,0.10047095740646207,0.20907145139101685,0.8288959800959984,0.6131455354940131,0.8288959800959984,0.9387522456633924,0.056634479814647545,0.9277286413987381,0.048367486170940575,0.8668382902757337,0.05135920858497397,0.17715066657188513
ppg_red_p99_p1,0.03654593335174017,0.973529333518345,0.9555776098286876,0.9542181399933112,0.9813612247395215,0.10242645341667606,0.8061828902268615,0.8067197972628036,0.1346802344776468,0.051840793625649896,0.010661550626829087,0.9420588368928576,0.8975744480642976,0.9420992706397889,0.9735263470235499,0.8595301460812979,0.24535657370690334,0.9773817501095264,0.9321576900587542,0.8849820462898514,0.8820236200011535,0.9419147049877006,0.977815827868327,0.8894092204015661,0.9466469858223568,0.0,0.07491507091236875,0.919134848556717,0.9735263470235499,0.1431203860501544,0.037744379734950456,0.07793379445584225,0.047583856080617354,0.232816133408998,0.8453739211681589,0.7179028709999088,0.8453739211681589,0.9321226107882352,0.010661550626829077,0.9420588368928576,0.03962531820817068,0.8811508779489533,0.1637069710621615,0.3097128896260457
ppg_red_trim_mean_10,0.6914336019791505,0.06947704594508522,0.014300432412199384,0.14836280960199563,0.06963122534160529,0.34372435058224776,0.04387594514932148,0.0449524545094499,0.256573323107079,0.020300307476033612,0.0031501730935758875,0.05384286153542437,0.060706150814020095,0.05385131358521337,0.06952272671497292,0.05063699074974987,0.004149835019360044,0.009165091917749635,0.06588129562901779,0.13815327904881078,0.003499118853550339,0.0791606671700065,0.1548534303220971,0.0708744847211307,0.07333726707779682,0.07491507091236875,0.0,0.06139340510550906,0.06952272671497293,0.045263650765186444,0.012285670087371454,0.024290708105530842,0.002672770430237978,0.002160416719162795,0.02402269768053782,0.03440791350620747,0.02402269768053782,0.07208309356344414,0.003150173093575868,0.053842861535424384,0.23648983216195632,0.0387312544688249,0.05230186937208899,0.023367189093445276
ppg_red_mean_abs,0.06385262496812852,0.982570931948518,0.8728565856339239,0.819890767428072,0.8695933710015731,0.13486871936655742,0.968275213120596,0.9682513208065352,0.09540205361512122,0.14950116285512638,0.05436859486744913,0.9150077883062333,0.9512669287109458,0.9150348123530075,0.9825660287005462,0.9292302617189498,0.22611796995471167,0.8950459550832857,0.9755372891917199,0.9854956936683444,0.986400401825021,0.9736597540077347,0.9020128171254163,0.9925526064530342,0.9845249874501966,0.919134848556717,0.06139340510550906,0.0,0.9825660287005462,0.05470158454590368,0.16952085814654277,0.12522459742812644,0.13772584296763143,0.1848073099970292,0.827820727672344,0.59103245566773,0.827820727672344,0.9237342735157459,0.05436859486744914,0.9150077883062331,0.05410968480938039,0.8582332034144231,0.023267324125343082,0.14345899077462243
ppg_red_rms,0.05336168640551582,0.9999993422198687,0.9315249370746573,0.8991969545032908,0.940587085890556,0.12536950997990876,0.9104957749790161,0.9106681900101431,0.1120842206362292,0.05536926116212922,0.04103440181995391,0.9467432613444576,0.943067969506849,0.9467791910298128,1.0,0.9225218566077364,0.24003831344793175,0.9520547764511131,0.975697784908948,0.9601551006694881,0.9597198872606837,0.98281092481839,0.9513868026888929,0.9663636530055763,0.9892803153861637,0.9735263470235499,0.06952272671497293,0.9825660287005462,0.0,0.034565599376130816,0.06707767751213738,0.0282109919917566,0.04378278440808296,0.21449620457657761,0.8582262624060634,0.6707236652897518,0.8582262624060634,0.9464477928264983,0.04103440181995393,0.9467432613444576,0.05059877708913655,0.8860775980314879,0.09297348846922687,0.2293385439787174
ppg_red_crest_factor,0.010800213901916733,0.03448108731541523,0.17726613778122402,0.24171392949648085,0.21559101187837465,0.038543632963905436,0.14002632185418132,0.14009228758150136,0.049446717328652114,0.885385782895029,0.032300796345664795,0.09231330758382707,0.024260517839420744,0.09237165407160068,0.034565599376130816,0.05833809654377817,0.026716935371947297,0.1281077150430753,0.029659671883370355,0.08772726211690239,0.10018621063537124,0.027501752439032356,0.15160865465734139,0.0946252619195948,0.028859644329164245,0.1431203860501544,0.045263650765186444,0.05470158454590368,0.034565599376130816,0.0,0.7308107801264789,0.9172319710586251,0.7339599445605866,0.09413453506327103,0.030969818378011396,0.15826187084204205,0.030969818378011396,0.04506909428029349,0.03230079634566479,0.09231330758382711,0.020738989323898036,0.09016184947613554,0.6058606536263519,0.5380492715992898
ppg_red_shape_factor,0.01131224809963769,0.06722584575887917,0.05836619911931138,0.1002540229408997,0.08169962995881642,0.031468769352874924,0.2725282080322928,0.27224837960664877,0.057693527512703874,0.8305383249553225,0.014279206056763707,0.045323014876016476,0.16685693803701193,0.045285693734844014,0.06707767751213738,0.10619325479457131,0.08829447630542998,0.042943824293009074,0.11848989605927565,0.19182291359786421,0.19599044565499332,0.10657200006139504,0.03091160350310431,0.1952182203472999,0.11360939105464489,0.037744379734950456,0.012285670087371454,0.16952085814654277,0.06707767751213738,0.7308107801264789,0.0,0.9188220311568481,0.9362573983677891,0.24263401926103942,0.04980051631016029,0.08476763647287144,0.04980051631016029,0.06999249326991372,0.014279206056763714,0.045323014876016435,0.008202967561855134,0.05099032111615914,0.4691062692177738,0.43469328568227594
ppg_red_impulse_factor,0.009592877005694856,0.028332730586849524,0.11462578492134926,0.16693262020114627,0.14492015435354802,0.03636060943801523,0.21344773361184294,0.21345459690485252,0.03611501712215043,0.9463530840415418,0.022665708294969104,0.01637123468259925,0.10816414586875957,0.016421346905078505,0.0282109919917566,0.08132812361429113,0.0406100730404169,0.0760228657469709,0.09435239546371804,0.15586007429553472,0.16376162437893022,0.08588783457379906,0.07635168752090497,0.16090590349803358,0.09099003157158578,0.07793379445584225,0.024290708105530842,0.12522459742812644,0.0282109919917566,0.9172319710586251,0.9188220311568481,0.0,0.9200963152804038,0.158016293628154,0.004756685141185227,0.1365921764524646,0.004756685141185227,0.02853130861157636,0.02266570829496909,0.016371234682599295,0.008567695210596492,0.01615708001344393,0.5738232810093904,0.5167668605558701
ppg_red_clearance_factor,0.01845664081959952,0.04388007362921909,0.09107739822806526,0.12149537625103297,0.10937136555416484,0.029479693699497708,0.22036505973895937,0.22023665290921535,0.00376846662152905,0.8197376511448552,0.017832050139856167,0.00899270958861107,0.12858839081079193,0.008963298330954142,0.04378278440808296,0.05513531237673751,0.08565867989630027,0.06206519168736054,0.11132540137454457,0.16632595199707212,0.16642530932702154,0.0878571678235606,0.031118967331665803,0.16748996052846676,0.10047095740646207,0.047583856080617354,0.002672770430237978,0.13772584296763143,0.04378278440808296,0.7339599445605866,0.9362573983677891,0.9200963152804038,0.0,0.23642742432588368,0.015781200484191602,0.15444919585496783,0.015781200484191602,0.04548770349082428,0.017832050139856125,0.008992709588611066,0.00016744127279368304,0.010365880328101318,0.4485246534747356,0.42967698893318795
ppg_red_mean_cross_rate,0.014469051711967102,0.21438972585547197,0.22781765687255054,0.21261782491681838,0.22625279609247725,0.011698775247285405,0.13521926168889917,0.13490478102426734,0.07115685557108295,0.09807240206012896,0.031158946575046167,0.09951188486614095,0.037573753975072316,0.09955714707804557,0.21449620457657761,0.17368091503964833,0.9222521595225804,0.23244642417100408,0.20320277813432436,0.17898834900343372,0.1762701856468547,0.21063449900931117,0.22280179391047006,0.1788100364725763,0.20907145139101685,0.232816133408998,0.002160416719162795,0.1848073099970292,0.21449620457657761,0.09413453506327103,0.24263401926103942,0.158016293628154,0.23642742432588368,0.0,0.06670335182322738,0.10802471413080297,0.06670335182322738,0.10813623090348613,0.03115894657504617,0.09951188486614093,0.010537138057606286,0.06317391671251955,0.15719076567937224,0.21296987402099
ppg_red_tke_mean,0.046309637750610484,0.858315177927095,0.8709139606304102,0.8170996612822566,0.8671570263208258,0.07403993300217107,0.7655676447844187,0.7674120952545023,0.03455431876318596,0.018909384083632675,0.03372919332463785,0.9266262263602928,0.8807429159159811,0.9266085225037592,0.8582262624060634,0.8643823503122455,0.07216634517834021,0.8587996850411204,0.8081798623207801,0.794474886651184,0.7934270384680728,0.8325995698153908,0.7943836425490428,0.7992637734092551,0.8288959800959984,0.8453739211681589,0.02402269768053782,0.827820727672344,0.8582262624060634,0.030969818378011396,0.04980051631016029,0.004756685141185227,0.015781200484191602,0.06670335182322738,0.0,0.8886182679496238,1.0,0.9006694401962193,0.03372919332463785,0.9266262263602928,0.05209038339444211,0.9298932168789167,0.11029937474065628,0.22032245904736636
ppg_red_tke_std,0.010857759313138047,0.6708245408536563,0.7945135559852707,0.7534742518747737,0.7952616474561875,0.016542526682997712,0.4933334440101268,0.49524872909932527,0.0051537681368067165,0.13483416519385563,0.00605830813218168,0.7751273939248635,0.6390995710348305,0.775105949535621,0.6707236652897518,0.6707602368811025,0.09781123798032525,0.7557378443130964,0.5889409566332259,0.5386796399574032,0.5404668492064686,0.6245645559443647,0.6484196138780769,0.543191764876161,0.6131455354940131,0.7179028709999088,0.03440791350620747,0.59103245566773,0.6707236652897518,0.15826187084204205,0.08476763647287144,0.1365921764524646,0.15444919585496783,0.10802471413080297,0.8886182679496238,0.0,0.8886182679496238,0.7000556674839435,0.006058308132181676,0.7751273939248634,0.033387586877421924,0.7995279085958248,0.3107805289376552,0.3938213161295332
ppg_red_tke_mean_abs,0.046309637750610484,0.858315177927095,0.8709139606304102,0.8170996612822566,0.8671570263208258,0.07403993300217107,0.7655676447844187,0.7674120952545023,0.03455431876318596,0.018909384083632675,0.03372919332463785,0.9266262263602928,0.8807429159159811,0.9266085225037592,0.8582262624060634,0.8643823503122455,0.07216634517834021,0.8587996850411204,0.8081798623207801,0.794474886651184,0.7934270384680728,0.8325995698153908,0.7943836425490428,0.7992637734092551,0.8288959800959984,0.8453739211681589,0.02402269768053782,0.827820727672344,0.8582262624060634,0.030969818378011396,0.04980051631016029,0.004756685141185227,0.015781200484191602,0.06670335182322738,1.0,0.8886182679496238,0.0,0.9006694401962193,0.03372919332463785,0.9266262263602928,0.05209038339444211,0.9298932168789167,0.11029937474065628,0.22032245904736636
ppg_red_tke_p95_abs,0.0363024298265388,0.9465075816264606,0.8975537909092954,0.8742466444731224,0.9103508594261746,0.10972498558395043,0.8425895710741567,0.8435381267287199,0.11283016559660593,0.06483154680075354,0.042725285032336434,0.9842326057357487,0.9710696146535825,0.9842316389027127,0.9464477928264983,0.8329031712604993,0.128764536681355,0.9095002615293791,0.9226500307003209,0.9005110779733619,0.9005017609390693,0.9357539131591515,0.9129689338574722,0.9065359879948365,0.9387522456633924,0.9321226107882352,0.07208309356344414,0.9237342735157459,0.9464477928264983,0.04506909428029349,0.06999249326991372,0.02853130861157636,0.04548770349082428,0.10813623090348613,0.9006694401962193,0.7000556674839435,0.9006694401962193,0.0,0.04272528503233645,0.9842326057357488,0.03306189587246975,0.9518523904696113,0.06678591722865615,0.19752321732443245
ppg_red_dx_mean,0.0052260415777734,0.04095492033141983,0.03518349461820263,0.016160571172432147,0.009540924204528452,0.007037123933615569,0.06299912792325157,0.06347739226429557,0.021950643478128154,0.03344905266725427,1.0,0.033876158837372494,0.04108621436546327,0.03379915749872883,0.04103440181995393,0.06788069553532301,0.02573937807600936,0.002854767813442568,0.05644915199220486,0.07255217083159664,0.07168757728763464,0.05568528751951137,0.017918542910177523,0.07260003831411539,0.056634479814647545,0.010661550626829077,0.003150173093575868,0.05436859486744914,0.04103440181995393,0.03230079634566479,0.014279206056763714,0.02266570829496909,0.017832050139856125,0.03115894657504617,0.03372919332463785,0.006058308132181676,0.03372919332463785,0.04272528503233645,0.0,0.03387615883737248,0.156086743565203,0.03937475125774364,7.814627676271864e-05,0.0025398752939119287
ppg_red_dx_std,0.036505877528988984,0.9468093677864186,0.9261354768081267,0.900434472234067,0.9384837964698041,0.09716202808950308,0.8303508734584619,0.8310815622056453,0.10122992494479423,0.012037469748442572,0.03387615883737248,1.0,0.9675335818928007,0.9999998942129911,0.9467432613444576,0.8331146744300755,0.11929162466198842,0.9263466631505568,0.9119151674734612,0.8840228199879354,0.8848037117762236,0.924668119646615,0.9156178383915218,0.8903375777792928,0.9277286413987381,0.9420588368928576,0.053842861535424384,0.9150077883062331,0.9467432613444576,0.09231330758382711,0.045323014876016435,0.016371234682599295,0.008992709588611066,0.09951188486614093,0.9266262263602928,0.7751273939248634,0.9266262263602928,0.9842326057357488,0.03387615883737248,0.0,0.03859654708210562,0.975516024492587,0.1585936626897297,0.2715482671597742
ppg_red_ddx_mean,0.42831084987559565,0.050556655510205474,0.06233267813663291,0.02420157905812021,0.044292558074390684,0.08520950310840222,0.06016246207210753,0.06022832888671593,0.09449244392452368,0.008985722715706513,0.156086743565203,0.03859654708210562,0.03996526235972518,0.03866980799683802,0.05059877708913655,0.08011197852740451,0.0186213685629151,0.06928509653880359,0.07802848045627728,0.07327875581502848,0.029952449662081583,0.01841304126461812,0.008481536553606528,0.05182415572149895,0.048367486170940575,0.03962531820817068,0.23648983216195632,0.05410968480938039,0.05059877708913655,0.020738989323898036,0.008202967561855134,0.008567695210596492,0.00016744127279368304,0.010537138057606286,0.05209038339444211,0.033387586877421924,0.05209038339444211,0.03306189587246975,0.156086743565203,0.03859654708210562,0.0,0.03988274149288793,0.02678353017585152,0.04682041083650568
ppg_red_ddx_std,0.03709953415520277,0.8861423098522283,0.8797468569295485,0.8474344712386532,0.8873818149578656,0.08396983921307621,0.783601268959208,0.7849453338382238,0.07702807734070873,0.009788645123866013,0.03937475125774364,0.975516024492587,0.9343908402261264,0.9754961223718418,0.8860775980314879,0.7830870389422525,0.08102077910308735,0.8691187871537907,0.8548507521327781,0.8273305373877516,0.8270298681870598,0.8612537589789273,0.8537805710752671,0.8327178730587886,0.8668382902757337,0.8811508779489533,0.0387312544688249,0.8582332034144231,0.8860775980314879,0.09016184947613554,0.05099032111615914,0.01615708001344393,0.010365880328101318,0.06317391671251955,0.9298932168789167,0.7995279085958248,0.9298932168789167,0.9518523904696113,0.03937475125774364,0.975516024492587,0.03988274149288793,0.0,0.1967883208568914,0.291401939549077
ppg_red_dx_kurtosis,0.00945753771936174,0.0929471602839532,0.21419902623396764,0.2250607956585902,0.22576754508217858,0.04945787866974379,0.04597724967412987,0.04602255542377195,0.04610158509902926,0.5899467500396173,7.814627676271864e-05,0.1585936626897297,0.020828924157449732,0.1586058908415572,0.09297348846922687,0.013339605740665995,0.13135514295484102,0.1657064769339479,0.058825154387251624,0.011941795895624472,0.007294156162945724,0.043037343273838284,0.15442735916475409,0.009667674064676725,0.05135920858497397,0.1637069710621615,0.05230186937208899,0.023267324125343082,0.09297348846922687,0.6058606536263519,0.4691062692177738,0.5738232810093904,0.4485246534747356,0.15719076567937224,0.11029937474065628,0.3107805289376552,0.11029937474065628,0.06678591722865615,7.814627676271864e-05,0.1585936626897297,0.02678353017585152,0.1967883208568914,0.0,0.8145205481921615
ppg_red_ddx_kurtosis,0.00212156691297003,0.2293297108591394,0.3580723491157855,0.3642817223127408,0.3712171030400741,0.022196821887400943,0.04897902357814195,0.04931093634559252,0.03769272658945295,0.5060377835977051,0.0025398752939119287,0.2715482671597742,0.1269039185000727,0.2715501481477387,0.2293385439787174,0.14034412435935795,0.20007697587594456,0.31945419428837496,0.17127469509508597,0.10457857182408303,0.1072306019167821,0.1793579283977707,0.2862553503566177,0.106622090451728,0.17715066657188513,0.3097128896260457,0.023367189093445276,0.14345899077462243,0.2293385439787174,0.5380492715992898,0.43469328568227594,0.5167668605558701,0.42967698893318795,0.21296987402099,0.22032245904736636,0.3938213161295332,0.22032245904736636,0.19752321732443245,0.0025398752939119287,0.2715482671597742,0.04682041083650568,0.291401939549077,0.8145205481921615,0.0
