,PC1,PC2,PC3,PC4,PC5,PC6,PC7,PC8,PC9,PC10,PC11,PC12,PC13,PC14,PC15,PC16,PC17,PC18,PC19,PC20,PC21,PC22
ppg_red_mean,0.031450914472730886,0.015321197764448864,0.6091245955863835,-0.040527862986787226,0.20742896899126448,-0.0015349067202365687,0.12340888861200931,-0.022919387019052766,0.28867969496368184,0.011697970008617416,-0.02050323057327892,0.671404652327863,-0.006985628138647177,0.010510739177140335,-0.010374609589663039,0.0012352276301818628,0.0587540939607901,-0.04235400098815718,0.15514856576776573,0.0546142105839051,-0.008309296384306362,-0.00143696114049992
ppg_red_min,-0.31857915917417584,0.1600067808563371,-0.017364243191542374,0.03971631908639807,0.13695213923963243,-0.02913823823134227,-0.059345191999209825,0.038919778998171714,-0.01225463694068043,0.24612733911222484,-0.019121122276036476,0.1740657821223911,-0.23363732915807175,0.013087164539084822,-0.36168654974039294,-0.14664860615311956,-0.11725448116257764,-0.021287040017196546,-0.7024412646220146,-0.11247598862698845,0.1632862687459135,-0.03117656874893444
ppg_red_max,0.3209274614601913,-0.14137236242982867,-0.034304456993144106,-0.05813836718084747,0.050082093596744856,-0.01642739902841761,0.13801684466969869,-0.10238387059003207,0.006004129782165432,-0.26078537439882166,0.0588688107768909,0.13603186651964913,0.25508495011571575,-0.07103008046108979,0.41753146772869476,0.20637116013413512,0.08733705786481079,0.003554144042813237,-0.6007572702934071,-0.2619155888562948,-0.148703529857677,0.061973480222592595
ppg_red_median,-0.05014742793360673,0.11265671921777073,0.3211898954977749,0.015848321936391307,-0.3751279365226664,-0.009835849632060741,0.45505331187455716,-0.47320185348219723,-0.5412712550923785,0.06660180551738983,0.04945258162355069,-0.037077840055915724,-0.034281780766168814,0.03332115151029522,-0.0646344229473997,-0.030419202538796188,0.00483022899501425,0.010618191634385151,-0.025711500105947614,-0.002521100275079219,-0.01190542558281982,0.001982824346507114
ppg_red_mad,0.2648141243363895,-0.27547198216977575,-0.00459931656966898,-0.06660339179524138,-0.040662947063185274,-0.003858567742274257,0.07560307519978525,0.004517518430427191,0.09371006189931277,-0.3216652643460724,0.18379380035383996,-0.058363022748689784,-0.17416027271488427,0.35995025199278047,-0.48778117477282956,-0.2844104453017771,0.29592708433461573,-0.03043159085407156,0.03096630910647319,-0.3455654574944025,-0.06878932267717389,0.019218035911512214
ppg_red_skew,0.0707366802110586,0.04635072234931952,-0.06111589134075597,-0.12742434696471475,0.7054565208491665,-0.1751792088315025,0.26816537769314086,-0.45606513957307643,0.1468214853352621,0.15824169476161493,0.020041944824877263,-0.3153448346237989,0.05494803432597792,0.033973908580667185,-0.036492850037626666,-0.05468719084471013,-0.07044263104513937,0.009802031045192632,0.06512025922316478,0.019281365159684784,0.0010932337304903074,-0.0015039178760082
ppg_red_kurtosis,0.22267442137248097,0.3431062805543133,-0.036527547526570066,0.07060793668141938,0.0674062326114801,-0.014646903533127434,0.08165324652955536,0.053103630715171615,-0.007632167255721631,-0.019800458240602822,-0.30104012366218064,-0.06036136312736955,-0.5779684357036641,0.101101355338421,0.07453788632669264,0.4398267634327208,0.3656044948237208,-0.035974169552108366,-0.006422283987207219,-0.006025734192433375,0.00677868674368396,-0.19761916132325744
ppg_red_diff_mean,-0.01795593056396156,-0.01657104442871506,0.10331262412953861,-0.005340638411603626,-0.09951078245269937,-0.9529944166224564,0.05088143171053151,0.2466764033889312,-0.02716547298981241,-0.018579706794597584,0.02816676601107411,-0.05061626655289902,0.03125771173780662,-0.0007192966906069539,-0.0008817309642535087,0.03667955792429176,-0.0082376000261681,0.005460460926782084,-0.007150351066744703,0.015615953922122632,0.0008587437721079146,0.0025246209435823056
ppg_red_signal_energy,0.2725948179438547,-0.27460782656934307,-0.004468976707854502,-0.08027679561703778,-0.01949047643647002,0.02588714885740456,0.1580792941422833,0.04945345851109513,0.0061217990449688705,-0.16626472671628842,0.17924842325784754,0.029574558868954316,-0.440665383514221,-0.08791971712824016,0.06337233437698815,0.08660408635558846,-0.6110764432930292,0.09473438282994996,0.009571804837802405,0.08627046263752518,0.3825721095497087,-0.07021838235269162
ppg_red_zcr,-0.008015880276777873,-0.08149017844280876,0.006529059548145745,0.6931925429045568,0.08696706672419129,-0.011788986531531436,0.07758514641970578,-0.010569303199351704,0.04672691890981095,0.01340932531303454,0.13055612694743535,0.011323829033745954,-0.05502971948701393,-0.058286361770957085,0.08297483678893036,-0.13116254078041883,0.13581963299693728,0.6541006789320085,-0.005010210739077948,0.014515470499164981,-0.007428929372652158,-0.04761446580214273
ppg_red_trim_mean_10,-0.025823922930121482,0.02719886220310635,0.593962788653739,0.007984548088027073,-0.17823774871535777,0.13388524304213065,-0.005788329338673317,0.11784354525442622,0.4127273109484088,0.0214328813903408,-0.0654620859154534,-0.6010996020979232,0.02242038471174799,-0.012879815028166462,0.03802110497990648,0.02140983187971803,-0.06868081491039697,0.025166863975952396,-0.18832780452298864,-0.04770686952842505,0.006840006367416402,0.0009774066976028285
ppg_red_crest_factor,0.26965931087545286,0.25135451405001746,-0.030918443832662547,0.12290413081422104,-0.02911404430718461,-0.0066977755337241625,0.009917783652467128,-0.01809947828628224,0.0007797356057920161,-0.2730679774735713,-0.4403796578726812,0.050555166970535005,0.3929259263775254,0.03390195166070491,-0.3886240517575966,0.04354266050691944,-0.3352658075456979,0.13530190467695777,-0.020345211568513252,0.03568406117648004,-0.03409678810154507,-0.36557320800695803
ppg_red_shape_factor,0.23123820005787837,0.3321122809973145,-0.023911583824251233,0.026420812423086148,0.018011806217722918,0.02019942277736834,0.17057895004014662,0.2051051593784883,-0.018735999950548393,-0.004317030540389186,0.08551878295627442,-0.022523018308296866,-0.09274730802259118,-0.384156107528341,0.21830072856761457,-0.6348067049465747,0.041182494179131265,-0.24179060792683985,0.022852277595377297,-0.09214552846268385,-0.05087211258634949,-0.2762243714846945
ppg_red_impulse_factor,0.253901000407964,0.3305927910837345,-0.03220557038096788,0.0771622111117811,0.014557670369392048,0.019344863553996845,0.10702524543962473,0.1216582574546904,-0.009116441949601749,-0.0682739116282235,-0.15288427627717371,0.00026429798509134355,0.00990795613736925,-0.09072973701836318,-0.11889511366951548,-0.07102919200969071,-0.04711774908517814,0.04910894080438447,0.015154438134043179,0.02143900177047353,0.14225866334034148,0.8433399420866271
ppg_red_clearance_factor,0.18105497528732512,0.31730065459056667,-0.040959102263973646,0.009154443881741546,0.015047093632743324,0.11528215869539449,0.2222814408859434,0.33566635640888454,-0.004185147066435125,0.29564045980001225,0.6044742888392121,0.0005091361481793811,0.24190112564491803,0.2566927353137091,-0.12412965306845825,0.2883496659448397,-0.057793087931407576,0.006525439156454048,0.012461401550892714,0.012373097634341856,-0.01866950092425716,-0.09679780678216757
ppg_red_mean_cross_rate,-0.025567760396059524,-0.14167522861147594,0.004392033647716524,0.673881081235865,0.06053726351820688,-0.018085600716785596,0.03575684808478914,-0.06925519094161983,0.0248186556358389,-0.045108201542933574,0.02582134891292749,-0.02961506778285063,0.024181216085101282,0.05227820804501297,-0.02531470134882516,0.12898270170828677,-0.1419501574798333,-0.6808549769520449,0.02950099179052693,-0.05424101556717107,0.004475075031942384,0.05231961197043751
ppg_red_tke_std,0.2696719373201311,-0.23573553182700668,0.0490363431502403,0.014058741485393246,-0.0245908809689796,-0.001933968065635545,-0.06851803259686808,0.061999141574202624,-0.11790548857099867,0.5798015016587064,-0.25862453937603325,0.02349566027926561,0.11005336802137276,-0.11923824335600626,-0.015105236393568066,0.056188318432425256,0.0077268796578162146,0.043154179910461256,0.1506860697705316,-0.572015320287019,0.2446680029565495,-0.03223830752598884
ppg_red_tke_mean_abs,0.2738223982716983,-0.28451382557174476,0.0185711183962924,-0.001172186985228608,0.003383923173465527,0.02649791936813379,0.03579344027817967,0.11557402979872414,-0.07253694634722205,0.32745113321233343,-0.10556310962750862,-0.0033887296120002778,-0.1800481750066659,-0.12241491585473104,-0.17533735658730978,-0.012404019172339383,-0.13241145190295167,-0.0021972631784049866,-0.11235037616994938,0.3075433649972883,-0.7033769048845118,0.08337786310669945
ppg_red_ddx_mean,-0.04456516356093893,0.01262969072783771,-0.3788927509100234,-0.010015456752915377,-0.4548701764308528,-0.0681634341271225,0.3589767059740947,-0.24266009489763538,0.6222211441540353,0.20800467514911475,-0.07128160721310377,0.13380645076175152,-0.010473085469133194,-0.026335851491259495,-0.010289978854816379,-0.009188062054958479,0.0063495681566319104,-0.013977938105052753,0.006184738579798777,0.014551040475442966,-0.001819035119176632,0.0004389961364166748
ppg_red_ddx_std,0.31010236512622114,-0.22809616533813734,0.018798836676695303,0.01475663831902985,-0.03225091785413239,0.00970062688486375,-0.016555848721311613,-0.001448389905016663,-0.03773814112654608,0.1481475972917395,-0.05600124795348121,-0.03583076068629629,0.18813417949859512,0.04319808221326315,-0.05739979938915455,-0.1203330914112626,0.3755214710075613,-0.11283048886567304,-0.20163137401636083,0.591139837481438,0.46578624776113486,-0.0787048528612465
ppg_red_dx_kurtosis,0.2580160474004824,0.2049510643451317,0.03533894719001994,0.059733834341796896,-0.11830515772877567,-0.09835876357136818,-0.4133172873951335,-0.2500748071719618,0.03469508718373806,0.17865263323916156,0.002713648389561522,0.06251510965399204,-0.09021383731202738,0.5937070265189127,0.3233488764997913,-0.26830039661544375,-0.2188913506172606,0.012814317194107602,-0.04174419594754302,0.027656420592171466,-0.06159927162895048,0.03138347871413642
ppg_red_ddx_kurtosis,0.2354194786000438,0.16862178887682702,0.05944956226320086,0.01989074434443926,-0.1169337648988048,-0.10661725557351559,-0.48981278071349243,-0.40266446380933174,0.09892202458982832,-0.01008665370752852,0.37055411088413254,0.007718007724618246,-0.05162342700674606,-0.4811413846928882,-0.25613341605375045,0.17770695494217129,0.07699709494452081,-0.009018790341327309,0.010121814621117973,-0.015405155513715282,-0.007618850397316482,-0.010366430556212138
