,PC1,PC2,PC3,PC4,PC5,PC6,PC7,PC8,PC9,PC10,PC11,PC12,PC13,PC14,PC15,PC16,PC17,PC18,PC19,PC20,PC21,PC22,PC23,PC24
ppg_red_mean,-0.027914344509443075,0.01596029890082445,-0.5931187861796745,-0.006724941490001236,-0.23206085098677054,0.14741449629462203,0.10577679371709059,0.08003673141178136,0.2958645913011438,0.07377202856635016,-0.20151850085077108,0.17605341225545948,0.21877139132335655,-0.49978975882192306,-0.18939680533909234,-0.01498462272695322,0.03146891147490434,-0.09565873724611572,-0.0627470198070575,0.019158597709287604,-0.19502067563164896,-0.04470229314630164,0.01771068240146057,0.028875802120541114
ppg_red_max,0.3298020622998268,0.04747737925722253,0.007696781682859282,0.0026034787402356356,-0.14136834177805072,0.08924821044732874,0.03931701163664323,-0.05858681237767507,-0.05345992534487683,0.04718574108410856,-0.2736761250819217,0.4070810608651064,0.11869444480002862,0.14331518324573014,-0.3003419833916774,0.06376079951692418,-0.17776296987143259,0.23180963521152598,0.1742130150696243,0.03700597036888109,0.5833864295375443,0.14720882228545132,-0.00964359457296862,0.047195320798547435
ppg_red_median,-0.041057339660939246,0.029916872156183615,-0.35790861476747204,0.03438168157510597,0.3108691823331848,0.006499417848534754,0.043220411220755504,-0.8212117708365977,-0.2852250465892724,-0.06460584088042706,0.04492313203863606,-0.022758729606180313,0.038323032356700475,-0.049096305125735526,0.016508250127921995,-0.007430835142969306,-0.014408655954683781,0.017020806744330073,-0.02364161884923927,-0.002311234952433844,0.041341327388424,-0.0020245491418057243,-0.0045656223536843545,-0.011583018057247584
ppg_red_iqr,0.3071026508981628,-0.13718901986911253,0.003843418329581614,-0.027810571598185303,-0.019444754288201974,-0.082123937121369,0.06150135395488113,0.0042092763271663275,0.1556154006978656,-0.3734313764128403,0.16352493541520863,-0.28234825534011243,0.13694907579119914,-0.1964302159890133,0.1514540301006948,0.027687547726418616,-0.07975094910021072,0.2147101431016819,-0.33335731823274656,0.4762845164174182,0.18572499799595676,0.013894274765879192,-0.02593755656404171,0.3133515379380869
ppg_red_skew,0.036697877696446154,0.016671535590307117,0.06959517432636124,-0.08609502142535219,-0.7010108977065032,0.3677901091587504,-0.022155799272758663,-0.38528632241587896,0.21070483160100406,0.1462382993081982,0.16389485667942044,-0.17009130251642401,-0.061334518681957065,0.24352786868362136,0.14196167651426042,-0.011594657795618935,-0.0005147187902741336,0.02614029212110932,-0.026982736426512,-0.03171023356816873,-0.04998823554973463,-0.025475961085700275,-0.0014600872282128606,6.151873239297744e-05
ppg_red_kurtosis,0.015082328544989376,0.3992492160372685,0.02617785927177604,0.10134946308632466,-0.02174747191925462,-0.07604065447485055,0.09181266485311304,0.0026333897470416302,0.024062017172275796,-0.10283761003631449,-0.21593521593854162,-0.21670451652327744,0.19999590857431687,0.10853422693903475,-0.053256822328007214,-0.7454500475948874,0.026658293158834213,0.20765538750093654,0.08696759157286572,-0.014264416795294596,-0.096370844097846,-0.003620346255911717,-0.19686066280509776,0.0041961573729973
ppg_red_diff_mean,0.013047077214231614,-0.015543478359121869,-0.06428237596141106,-0.043468641277429124,-0.1605179286744923,-0.721355971198854,-0.5435079813285802,-0.18777425194222278,0.28295928648997454,0.16119150296225956,-0.07782814722314783,0.0480238235432393,-0.0007857727656038012,0.033320356805758324,-0.013818631229335347,-0.0019698805996112493,-0.01533516070244331,0.01861741029553065,-0.017697487837059937,0.006273781469261732,0.0019095314877007556,0.010476345556615207,-0.0011682785982241777,0.00435001609877308
ppg_red_diff_mean_abs,0.3330348031415714,-0.092542125979571,-0.01037823665668337,0.092803888730416,-0.05341974979387508,-0.03843207698475958,0.05804590450493952,-0.029076318182952948,0.054730164094201506,-0.18587120526579226,-0.025810960516537352,0.037254702251967656,-0.3411352251407844,-0.1961954788272471,0.11349262018676262,-0.09952216161563943,-0.023474340940317473,0.0734837225744003,-0.1176175539993443,-0.10444368524791736,-0.10020962636175285,0.5033277489190384,-0.02871991673361249,-0.5925456893313548
ppg_red_signal_energy,0.32573416958689694,-0.07513075955449655,0.005849098067288006,-0.011997760650414418,0.016610756262793337,-0.11567703221073683,0.09469991141873287,0.01663685142912269,0.0709481306846804,-0.06241938329602036,0.2518022302806441,-0.22301217592300113,0.5804853375997728,0.037953480547951106,-0.05646208055587333,0.11909821299435645,0.09915968823993311,-0.18668451817061008,0.10845550601840585,-0.31003248810571443,0.13903975666997018,-0.24437970684861768,-0.04510821660152139,-0.39201162670523965
ppg_red_zcr,-0.08480720618458361,-0.051746314616925804,0.0187601985187241,0.6812698033116329,-0.07053762135270475,-0.017457070689815606,-0.0012640592611972007,-0.021499003039679422,0.045854014123062115,0.004368687298122137,0.17642910350749416,0.0935570081005312,0.01565296061155085,-0.00029077772834854536,-0.1124135883672876,0.12089619003712654,0.5758938178850054,0.33384342645738274,0.06065841635651022,0.055770944528749415,-0.0010210901294391832,-7.209979075110564e-05,0.004479166807099556,0.022130507525379723
ppg_red_p1,-0.34196983605515924,-0.005419033408674515,0.032400428112331334,0.010894757652708318,-0.07061444271882777,0.025077272733016225,-0.07093223287992563,-0.0016016236272162864,0.030966669536797758,0.039278428797282314,0.027658857672341455,-0.31170187699966695,-0.018752794798255975,-0.38998297060035003,0.15909246239130873,-0.003660460017270995,-0.029276786920092574,-0.0808813140549914,0.5770762194654268,0.2125731880043447,0.3947787534518008,0.16394922857144578,-0.07837390619502949,-0.13618827054621482
ppg_red_p5,-0.333605658914469,0.07780808713398989,-0.008677377396591489,0.04229342488936181,0.00222206635280674,0.055574682405878435,-0.05148766126620906,0.08564654889831878,-0.0712014800429104,0.28301409107469877,-0.11511680290442244,-0.12478127094400804,0.10653083385895554,-0.11414231704795103,0.17680758624460768,-0.011353135294679007,-0.011119950694515185,0.19635499753480432,-0.6224791209088305,-0.23911325922856833,0.4256376203576778,-0.011080965027973767,-0.008277551863688531,-0.18237415778848048
ppg_red_trim_mean_10,-0.025741972320711314,0.0038546888445938165,-0.591251058015041,0.01773996887667649,0.21901943085939876,0.022570204157435513,0.09059358653171566,0.20565752264704065,0.3575399273329877,0.016215230839370685,0.13321820011755997,-0.13053014258824355,-0.21315927033973872,0.5041248621159572,0.16837974035586473,0.009813658075758538,-0.031858349541956016,0.07378213494528657,0.1051904166357824,-0.018236802536564074,0.196389502257408,0.048315317677977615,-0.016299581787851358,-0.022668273182466538
ppg_red_crest_factor,0.04494820554665781,0.3806109414537835,0.028895951462837504,0.1039082672990823,-0.04177978522194469,-0.018964591868737755,0.03738222992841571,-0.04577624774112778,0.05001125991263209,-0.24978113175698363,-0.5314688479662668,-0.12587328955257526,0.0037688375139281324,0.09714764472065981,0.24791159913129823,0.49149093655378867,0.1498896409161563,-0.18707389892783632,-0.020215391965198684,-0.023170032821656736,-0.04250711237670117,0.012465380038618187,-0.31422409355680986,0.03326484628808805
ppg_red_shape_factor,0.003820789714590396,0.38866218890591536,0.024283891216046266,-0.008756950486738737,-0.06563794206540034,-0.16040881281107133,0.22105443440481445,-0.015263425553824775,0.015631161324606468,0.10642716697171282,0.3766271477828242,0.1870938018405486,-0.16281733118468436,-0.010523883098975041,-0.1804566838613413,-0.10035889397559199,0.18140673154900824,-0.5231594456464254,-0.21759484957037686,0.21660601842645225,0.2355575930165711,0.10057698844566013,-0.2118209381120801,0.010114616601253533
ppg_red_impulse_factor,0.024161051213797496,0.41474334066417395,0.028026068823291932,0.06950975401818538,-0.04602963003134732,-0.11396543916507636,0.14643979809478377,-0.016752413857376323,0.0382831633356821,-0.0667036530310498,-0.05119888187938146,-0.05297012480218464,-0.010780908441412117,-0.011188856497335945,0.08516912383771262,0.055741256196131975,-0.023973313540029618,-0.02559835399215883,0.02991906976278124,0.08078826376070343,0.03610113295885097,-0.057037078734685366,0.860950494941974,-0.09255508909868589
ppg_red_clearance_factor,0.01831277205484994,0.38402814876546554,0.014073822306881603,0.008313288315556064,-0.02892071290382099,-0.1870661714009474,0.24646138008840737,0.024434702110729983,0.00012919514346657732,0.17025734106174015,0.3444033354081908,0.0628367256816292,-0.051912055921978416,-0.20079191190759876,0.06931155423737709,0.2766757655387567,-0.3925597286562089,0.4383857833125673,0.12566956076426014,-0.17115231046052196,-0.17858942521315113,-0.05931768638056371,-0.2217849143734917,0.05349198436569661
ppg_red_mean_cross_rate,-0.07919002854682355,-0.0996943199030323,0.023988863243414503,0.6689179768561946,-0.05113824687352471,0.03651990434263336,-0.07453503286888524,-0.008898961109791796,0.04798942879267712,-0.08843506859952009,0.01777463056997272,0.04091624060028637,0.08640505815374797,0.07101864000842988,0.036489107619097724,-0.0633890659309801,-0.6159187107867788,-0.33220723207191727,-0.06743642177309297,-0.008921530039654662,-0.012975671988529723,-0.026620345171364208,-0.014945669227833051,0.02759865179651077
ppg_red_tke_mean,0.3344471692268124,-0.03448323679528757,-0.03582280200814305,0.11901811925754271,0.03309327800281448,-0.030839859191089884,0.031818460465144006,0.029226859750236978,-0.09013281087932053,0.3050634348560197,-0.0025767553472303578,-0.22173467365676652,-0.0033737731086043244,-0.14165599776037768,0.16417848406022925,-0.0655579413010249,0.11200781221502683,-0.1737663810782644,0.06650546963878369,-0.4240611058001144,0.048440734035264534,0.3787603751688247,0.10713950458274803,0.5306860383652543
ppg_red_tke_std,0.28871096440284616,0.055757159267424874,-0.07413375137515556,0.10760830496339213,0.1011654269945458,0.08449164554287099,-0.08942537739348656,0.07880648807752652,-0.21968762208856416,0.6093517323768101,-0.10632774399624274,-0.21185710079710174,0.10936110717035516,0.09590835910462667,0.004440380785143645,0.09089959427883887,-0.043560772585002704,0.004151626601985856,-0.019473437745757563,0.5202059150891601,-0.19871601129144253,0.026086681853590213,-0.036034651213615765,-0.21284722619344346
ppg_red_ddx_mean,0.027059699314926834,0.0004425801708529991,0.3814081058143289,0.005513549767829412,0.4449225993375654,0.18377123591622302,0.10651224930401364,-0.24953733099653455,0.685416636884309,0.23328290816361075,-0.09529323325275685,0.05708868152080326,0.014161348373597997,-0.09597667488045875,-0.043135533210272255,-0.012425596103419126,-0.0041816099295196646,-0.0032251746439037857,-0.014270120932057827,0.00990709093630723,-0.010319943125180359,0.0014447419013202648,0.0005356510477429739,-0.0009079558007685632
ppg_red_ddx_std,0.33713710107075223,-0.02296544903744507,-0.03251246587794781,0.1149013023976313,-0.004104241174312501,0.02433550451853394,-0.04805482408504392,0.004233896422650055,-0.03884679915882268,0.07057507664736547,-0.10441426926359652,-0.0013666127762516028,-0.481184923301573,-0.2311660422922927,0.14539464870098914,-0.15890434797814673,0.04611705555499523,-0.03587601075499359,0.057539777860427785,-0.07598230886966828,0.18910715353755805,-0.6839305672932297,-0.05784690316745944,-0.022084912588343896
ppg_red_dx_kurtosis,0.07698917909132587,0.2991351438576212,-0.0412115059183994,0.010143226113261064,0.11342364125099075,0.284462520489382,-0.500270352928119,0.052680599503292104,0.02809208188897473,-0.15705197701430415,0.13451280430982424,-0.3485027069390963,-0.17056264418909986,-0.07786068345709518,-0.5571369596374621,0.1293280642924815,-0.06425719317613603,0.029755846526064653,-0.06721410742101495,-0.1291130009880565,0.015599161182523835,0.041866356567347135,0.01785303696871623,0.012622228870546613
ppg_red_ddx_kurtosis,0.12185332724990688,0.27424836743889563,-0.03448769541578655,-0.03171196674645521,0.12896564927497756,0.2897274815524196,-0.48798098216595903,0.07358107734312982,-0.002321596496016692,-0.08355194361687447,0.232330610469365,0.42091602517054366,0.23182821077453467,-0.06541117872500116,0.4960984232422397,-0.1005448925076682,0.07574580196156751,-0.006575001314146891,0.05251260985033485,0.031474135845100906,-0.008184396291523306,0.03947206794187786,-0.009517574220340433,-0.002515097465736332
