,PC1,PC2,PC3,PC4,PC5,PC6,PC7,PC8,PC9,PC10,PC11,PC12,PC13,PC14,PC15,PC16,PC17,PC18,PC19,PC20,PC21
ppg_std,0.3142010275124867,-0.0550764900704857,-0.10957935843205442,-0.029621223321853976,0.008328020995359954,-0.018069356790311637,-0.026800567922579333,0.05937968169635226,-0.10897350628550016,-0.0019280662197056079,0.08627700203163821,0.23421092554324033,-0.033195728014130836,-0.11058090063683906,0.03743877005349904,-0.049335669061103454,-0.06448118923916878,0.3887922572570717,0.7913044993177409,0.08477945214038225,0.02661531739564877
ppg_iqr,0.22848166018873528,-0.27004853324657246,-0.26614505980285935,-0.0028195884642843055,0.032634829382874465,0.05727046872206951,-0.00021287425649356195,-0.1736236601490148,-0.33078224180679855,-0.034306997115719114,-0.10750612336725518,-0.19201072705824795,-0.1246558408377441,-0.4400730918700163,0.5262936415948087,-0.27544494450645046,0.11276006885163027,-0.09529929508823749,-0.16290276890199623,0.007606948327221793,-0.008293667052371168
ppg_mad,0.22868299450619853,-0.2618964270339398,-0.21767230174699978,0.01982627098302863,-0.034008584385477596,0.0629347929389193,0.0074991387168836954,-0.24695151093611253,-0.352255412407052,-0.14973255383765144,-0.03555067192452077,-0.43254840622061785,0.15193062866178866,0.5685012549464162,-0.2579022234279328,0.024519453706301514,-0.11861211843084442,0.03279421301304321,0.03985867959460895,-0.011102631230459261,0.008249935746268032
ppg_skew,0.16716549451262833,0.21785792518272293,0.17837341282718372,-0.18669052547748882,0.08580385363401224,-0.2682804103626777,-0.1722306995844639,-0.7566644402142385,0.13718356978111934,-0.14329460133032557,-0.25536665605307396,0.1658404377132673,-0.13628404005549064,0.015529105409789223,0.051368076020852284,0.13246886783191195,-0.057753573179686456,0.030970974980205988,-0.012819654685869968,0.02872285513294328,-0.005382992287232321
ppg_kurtosis,0.17403670918405442,0.31024873812706466,0.20487017617263675,0.09116522035824119,0.08731504692317782,0.07545900116589416,0.07453717958089728,0.3947657108895212,-0.3026984913315448,-0.4027913318314634,-0.5772064660405026,0.05734847353716273,-0.07091821181637958,0.10091356776186926,0.12570920696200136,0.14454970460281924,-0.008821399789069175,-0.07605592862679877,0.010867786300446014,0.007242972199490493,0.013917000379276873
ppg_diff_mean_abs,0.2921582403239027,-0.010828915751639166,0.09614142183944158,0.16330254903027552,-0.22959533118491265,-0.06136101393079222,0.006461428608651833,0.02282174060804732,0.2763555436534538,-0.24827099241589284,0.22134032017712635,-0.19857908466709384,0.010452143305882063,0.07535084995538674,0.14650272520259314,0.26857494146120436,0.7009348162596906,0.034007835731108105,0.030566149372720543,0.04801149632117212,-0.007034123567425487
ppg_p10,-0.1687175827296355,0.35634714156794023,-0.3343528906436326,0.07698349033339262,-0.19156652872880778,-0.011632365645624516,0.011119294162376538,-0.02951803352212857,0.020435436536489604,0.044376591353812785,-0.07561031041153006,-0.21383354151713704,-0.02824464987947874,-0.06587644797537653,-0.007050554361121758,0.05086719072476318,-0.05379167081309195,0.11023664957509118,-0.02565322381858211,0.765715854576014,0.15930165957951867
ppg_p95,-0.012568605701837727,0.3072132798821053,-0.5389872730326113,0.1032349241769559,-0.2750471697060949,-0.014461749502365525,0.008451495944792595,-0.03728351395262615,0.0669566768248629,0.10434218076597074,-0.08221271587245069,0.1735977540321972,0.02906412724439478,0.17118498036467847,0.1558556389048782,0.05046838130184161,0.004232637757944256,-0.2361364321319743,0.11201852317049428,-0.26799815092518753,-0.5268525218324993
ppg_p99,0.14925866130447937,0.40952193709196166,-0.2714683546864546,0.012364771105994942,-0.14531065373017923,-0.08618723680978228,-0.05568757539932576,0.017181686329185125,-0.045180848827385815,-0.01026064136324131,0.028073452673097854,-0.09257147833051506,-0.03312037584071714,-0.1722136559088891,-0.2549519887102447,-0.14048962606505294,0.06390499769533005,0.17218998631152138,-0.12167372678693308,-0.48169027609876763,0.5446706695531653
ppg_p90_p10,0.2572308157699992,-0.259614733417806,-0.20833575316493128,0.028459825861177748,-0.004240341311354282,0.023431665819993286,0.010894593466755205,0.019579748504386325,-0.03465739217293903,0.026312152928169897,-0.10791274758309147,0.1607538258278542,-0.0672702051271032,-0.4081803256871031,-0.5083552794180102,0.4800052296179575,-0.008026980384611046,-0.3336801068843434,-0.04100957880029417,0.09218500227797963,-0.014696059860226679
ppg_p95_p5,0.27393856291334784,-0.17867333601985483,-0.18287009787954303,0.039817540871137515,-0.0713556834687326,0.018092833348117968,0.010890533102125387,0.06371948509846048,0.06830338019445556,0.01564752276015977,0.07147256666273666,0.6233481329333582,0.046406324592450914,0.3758114840963458,0.1850372442911906,-0.0999931268458404,-0.026716298567523514,-0.07781505568668756,-0.28818158823478995,0.18780666006874466,0.37028809713893646
ppg_p99_p1,0.313597548979284,0.09088925209393872,0.020832032741498523,-0.025784472907493396,0.006002337028567234,-0.048434025761402225,-0.04174668693939448,0.11324034204789368,-0.0576757176511402,-0.12142361972793732,0.13304770852251854,0.10853710137946393,-0.06379261504596478,-0.08684152077069299,-0.2738257326631802,-0.23037712118673007,-0.025200198606655035,0.47738301417831297,-0.43080022751612806,0.12026844838009812,-0.5094591842985062
ppg_shape_factor,0.2712316908127988,-0.021550799902427854,0.040447014992192214,-0.19795792993445846,0.03263687924528446,-0.16494050867939417,-0.16688037018059032,0.2048461078362112,0.04767869694190364,0.6601409887933107,-0.25060096451281627,-0.19707347117878635,0.10462086895017539,0.09453201493723408,0.21109719140850486,0.3311856472849179,-0.028820878614388826,0.23329834063100627,-0.12636836838844376,-0.0446763438466679,0.003800366405848115
ppg_clearance_factor,0.29209133799784776,0.11134979535939431,0.1431401426732763,-0.13969439351709256,0.026412191696775736,-0.1378300805280934,-0.13121145383059754,0.09653733063372337,0.1227956765281432,0.21119994208786763,-0.14397963810449702,-0.1043249624809517,0.060856292927352645,0.05311359773260554,-0.25031645642338174,-0.5761291492232606,0.19901666947537536,-0.47040398347168083,0.17067290950970693,0.17892136433361341,-0.040178080873295226
ppg_mean_cross_rate,0.006949886522570027,-0.008116631730627804,0.3922881965446979,0.5104073124095189,-0.5137063873601766,-0.14340766491867563,0.1537621538683786,-0.17678028541417712,-0.36062055160965156,0.3069435132294593,-0.025743470697091736,0.11231311321933052,-0.0056557140095555795,-0.05223353435690177,-0.05237198441464756,-0.04866097703689595,-0.02639519510111022,0.0018236384998465657,2.649236522853093e-05,0.002755015377070946,-0.0029923113033713676
ppg_tke_std,0.22641777953499584,0.2882792352867434,0.1256258499983888,-0.11736917328564062,0.05753960047454823,-0.16518893900637766,-0.07857617090526456,0.10712419920355908,-0.25794242579244064,-0.01725519465438592,0.6092289001740034,-0.10915430429633782,-0.26603123857430816,0.04850259883709182,0.16398335455127433,0.19338300952030282,-0.30242759456716245,-0.3267385535845808,-0.01062001997674268,0.04642265074441228,-0.004136710346168391
ppg_tke_p95_abs,0.25590839060905834,-0.14851665644542458,0.06125383415912026,0.22728177414731782,-0.2737382349445131,0.001059210071013505,0.009922600937155544,0.08993390065539596,0.5533227013883172,-0.203434641210646,-0.09405292809517474,-0.2440287431023608,-0.01561960072011789,-0.09634027536639397,0.11257265219397963,-0.07957462154665326,-0.5697273252493561,-0.027180663180550103,0.007825350046704854,-0.059355678497896226,0.02311316729167535
ppg_dx_mean,-0.018059884356184344,0.010880256197195404,0.16183347895635217,-0.3929538654348698,-0.5075060111934936,0.5950423318960494,-0.4410920943185463,-0.02328990231457781,-0.0808525601895803,-0.03126502055377086,-0.0014807209204797337,0.04849643139086517,-0.025240110512577168,-0.029343492914939158,-0.002460222768292415,0.026199075975494108,-0.0027123421616599493,-0.011489406090219135,-0.002281625490964047,0.0018942623829863727,0.001679953264029774
ppg_ddx_mean,0.001317584047778879,-0.051865287444037816,0.0304506539873938,-0.5989224534863262,-0.3506612859792114,-0.19976385177110878,0.6824623853934608,0.03193346026454583,-0.013068069719755585,-0.06967378274230933,-0.03349155610717167,-0.002687565243375956,0.03189780559124019,-0.024980135278273023,0.0051489268581602935,-0.0038237387885867924,-0.012420289716670162,0.001778408813648958,-0.004222657908589848,-0.003564143883729906,0.0021525158436260716
ppg_dx_kurtosis,0.22456340723847795,0.2717575077960293,0.09581059255239718,0.04446148156518598,0.1681141979165187,0.3118500322852461,0.20521622483568117,-0.16745693016411564,-0.009834087561038974,0.022851028016908952,0.13851349382256373,0.025701461828145127,0.7699204888763429,-0.18444156933407424,0.07958825091612048,0.05805890498640431,-0.0801175651991209,-0.060098464007859204,-0.028063738215377523,0.031356801738906356,-0.011225407979800504
ppg_ddx_kurtosis,0.1904998943470799,0.14215816184335847,0.040329940858966545,0.09666778541353448,0.19675050996158047,0.5609956003016888,0.4257656861910581,-0.15785472293097222,0.15737432919982908,0.28407869221976834,-0.0116346214597732,-0.05931060951861614,-0.49289615060904235,0.12041417487769765,-0.04812969434357427,-0.01982543761810043,0.046475206724184634,0.031203332836810604,0.009033285148792808,-0.018745850014798785,0.008094609584169734
