,eda_cc_mean,eda_cc_std,eda_cc_min,eda_cc_max,eda_cc_range,eda_cc_median,eda_cc_iqr,eda_cc_mad,eda_cc_rms,eda_cc_mean_abs_diff,eda_cc_slope,eda_cc_skew,eda_cc_kurtosis,eda_stress_skin_mean,eda_stress_skin_std,eda_stress_skin_min,eda_stress_skin_max,eda_stress_skin_range,eda_stress_skin_median,eda_stress_skin_iqr,eda_stress_skin_mad,eda_stress_skin_rms,eda_stress_skin_mean_abs_diff,eda_stress_skin_slope,eda_stress_skin_skew,eda_stress_skin_kurtosis
eda_cc_mean,0.0,0.6413940161511401,0.9997733049911752,0.9997801893592682,0.6414701739548165,0.9999998543495902,0.641409536885516,0.6419555267638807,0.9999999988549745,0.6414701739548164,0.052181429136733494,0.4121272418179707,0.20464898192936634,0.13633441841602167,0.27494781654034506,0.09884571632903214,0.16990992659489892,0.2838598067390961,0.13412891666086457,0.26019250848714676,0.2583085893173515,0.1379665602807424,0.2781663431209929,0.34676344526514014,0.21502265422477884,0.05531902948125861
eda_cc_std,0.6413940161511401,0.0,0.624932893076726,0.6573240780459833,0.9998935284946062,0.6413179431872092,0.9998757063440697,0.9998636668398272,0.6414292455015118,0.9998935284946068,0.5563106381077192,0.28968029504744225,0.2954716841100191,0.3895280857907807,0.46214521983533896,0.3572772096670883,0.41845929060246945,0.4713847646792572,0.3870740708335056,0.4421592718551169,0.4333515860504462,0.39157394173726395,0.4698520097480796,0.3992652709468856,0.1899380821162684,0.052273177829123184
eda_cc_min,0.9997733049911752,0.624932893076726,0.0,0.9991086785429286,0.6250051807675522,0.9997747958585615,0.6249602488626261,0.6255129984095325,0.9997723289871793,0.625005180767552,0.03779437291612389,0.4106087593671777,0.20019904722744894,0.12801649496630335,0.26699625475214533,0.0907689497934178,0.16136773517561967,0.275804521117754,0.12584341393597925,0.2525299524209414,0.2508336637847882,0.12962027273486634,0.27009231584486487,0.3418300910144255,0.21334958221033276,0.05496718660792349
eda_cc_max,0.9997801893592682,0.6573240780459833,0.9991086785429286,0.0,0.6573996156247858,0.9997775937046222,0.6573321354314072,0.6578657285035588,0.9997811504856603,0.6573996156247857,0.06652496677878009,0.41217468401155316,0.20909598848041125,0.14457407030478697,0.28261216957672197,0.10688991972464747,0.17832434693401497,0.2916180808888674,0.14234240259178121,0.26756653626299215,0.26545605164000763,0.14623242529152067,0.2859987775461966,0.3514768501181479,0.21619415158112215,0.05601570340085598
eda_cc_range,0.6414701739548165,0.9998935284946062,0.6250051807675522,0.6573996156247858,0.0,0.6413955587542931,0.9995541938455547,0.999554517754644,0.6415053709856205,1.0000000000000002,0.5555561628957214,0.29235917006608875,0.2929554384147394,0.3883183878908685,0.4600582576915282,0.3563504312583914,0.4170921516436186,0.46936368227406866,0.38584094519136947,0.44006479405689114,0.4313169667796086,0.39035648265897394,0.46741739405479354,0.3976763876081652,0.18946554647329747,0.05465090477603179
eda_cc_median,0.9999998543495902,0.6413179431872092,0.9997747958585615,0.9997775937046222,0.6413955587542931,0.0,0.6413323898467669,0.6418805523434732,0.9999998480296203,0.6413955587542931,0.05208302241898948,0.4125165943224043,0.20459737787098553,0.13626473389723945,0.2749379592017363,0.09876732978040903,0.1698508387370095,0.28384913098893894,0.1340576059493115,0.26018947721189345,0.2583214670583748,0.13789734517714133,0.2781417498334943,0.34675034678711875,0.21513162619550608,0.055220708623532455
eda_cc_iqr,0.641409536885516,0.9998757063440697,0.6249602488626261,0.6573321354314072,0.9995541938455547,0.6413323898467669,0.0,0.9999826442976376,0.6414447712753057,0.9995541938455548,0.5566388942378727,0.2881904558329797,0.2976092813048783,0.39006023935122,0.463450326689417,0.3575579562295969,0.4191137976833493,0.4726782816353613,0.38763106059368535,0.44344646105326163,0.43463792568938475,0.39210888513429737,0.4716414612113841,0.39976079372446516,0.1908101376952488,0.04954050000993966
eda_cc_mad,0.6419555267638807,0.9998636668398272,0.6255129984095325,0.6578657285035588,0.999554517754644,0.6418805523434732,0.9999826442976376,0.0,0.6419907333718285,0.999554517754644,0.5559498555800516,0.2926984148687887,0.2970795254710909,0.3892644870727407,0.4632838304118669,0.3566835681096619,0.4184326206855579,0.472496662853541,0.3868125319197995,0.4433634703724868,0.4347304643461426,0.39131887378810026,0.47136020106178017,0.39956975041604303,0.19179969237040392,0.04843919242104656
eda_cc_rms,0.9999999988549745,0.6414292455015118,0.9997723289871793,0.9997811504856603,0.6415053709856205,0.9999998480296203,0.6414447712753057,0.6419907333718285,0.0,0.6415053709856204,0.05221935169830513,0.41212652076659334,0.20465271093497917,0.13635661298436258,0.2749685752853276,0.09886736797507654,0.16993263171161552,0.2838808503434388,0.13415103847818932,0.26021243004225675,0.2583279082178158,0.1379888207472971,0.27818735750992757,0.3467800221673475,0.2150256102203154,0.055320388496991536
eda_cc_mean_abs_diff,0.6414701739548164,0.9998935284946068,0.625005180767552,0.6573996156247857,1.0000000000000002,0.6413955587542931,0.9995541938455548,0.999554517754644,0.6415053709856204,0.0,0.5555561628957232,0.29235917006609075,0.29295543841473565,0.3883183878908701,0.4600582576915288,0.3563504312583933,0.4170921516436202,0.4693636822740695,0.38584094519137113,0.4400647940568916,0.431316966779609,0.3903564826589756,0.4674173940547944,0.397676387608166,0.18946554647329952,0.054650904776030726
eda_cc_slope,0.052181429136733494,0.5563106381077192,0.03779437291612389,0.06652496677878009,0.5555561628957214,0.05208302241898948,0.5566388942378727,0.5559498555800516,0.05221935169830513,0.5555561628957232,0.0,0.07383619612368798,0.0048490175597958145,0.5458791783519792,0.5184666656679097,0.5298019040398921,0.5581026917914802,0.5220747016667515,0.5445513562394643,0.5028827690346299,0.48812206480367504,0.547659476169584,0.5225402609719425,0.37278669101448697,0.03476058569751128,0.058629183500954946
eda_cc_skew,0.4121272418179707,0.28968029504744225,0.4106087593671777,0.41217468401155316,0.29235917006608875,0.4125165943224043,0.2881904558329797,0.2926984148687887,0.41212652076659334,0.29235917006609075,0.07383619612368798,0.0,0.056004879914453166,0.07961241587040517,0.048926836815512555,0.10230738948474997,0.05348894598688213,0.053043606444614644,0.08328125271012587,0.05162700991843725,0.07283898024225023,0.07858720753017091,0.03684362349453886,0.036786782887315114,0.32002172018279806,0.13175270927237387
eda_cc_kurtosis,0.20464898192936634,0.2954716841100191,0.20019904722744894,0.20909598848041125,0.2929554384147394,0.20459737787098553,0.2976092813048783,0.2970795254710909,0.20465271093497917,0.29295543841473565,0.0048490175597958145,0.056004879914453166,0.0,0.06638236442141664,0.1052976782253599,0.05472970653611947,0.07528188315094947,0.1038973723971333,0.06609046114379417,0.10435014358352776,0.10215317026781918,0.0671039774348777,0.10906412973561284,0.027436483989256067,0.04471533049626196,0.012414714875107962
eda_stress_skin_mean,0.13633441841602167,0.3895280857907807,0.12801649496630335,0.14457407030478697,0.3883183878908685,0.13626473389723945,0.39006023935122,0.3892644870727407,0.13635661298436258,0.3883183878908701,0.5458791783519792,0.07961241587040517,0.06638236442141664,0.0,0.8281722318146972,0.9911493266578043,0.9945934063525781,0.8363902496742203,0.9999442799024291,0.8105772118781566,0.8021117512983452,0.9999710982568548,0.8389277553410511,0.6777737976094845,0.14642461046775315,0.11417623140226037
eda_stress_skin_std,0.27494781654034506,0.46214521983533896,0.26699625475214533,0.28261216957672197,0.4600582576915282,0.2749379592017363,0.463450326689417,0.4632838304118669,0.2749685752853276,0.4600582576915288,0.5184666656679097,0.048926836815512555,0.1052976782253599,0.8281722318146972,0.0,0.7477098296606232,0.8800621731907996,0.998731567480576,0.8267932171828605,0.9969573406008996,0.9948825350175401,0.8320771357856447,0.9967164320878015,0.781392786461908,0.03895736218825399,0.07391942677913081
eda_stress_skin_min,0.09884571632903214,0.3572772096670883,0.0907689497934178,0.10688991972464747,0.3563504312583914,0.09876732978040903,0.3575579562295969,0.3566835681096619,0.09886736797507654,0.3563504312583933,0.5298019040398921,0.10230738948474997,0.05472970653611947,0.9911493266578043,0.7477098296606232,0.0,0.9731531773864319,0.757916507349681,0.9911870732105125,0.7271054007112012,0.717634506770427,0.9902251212728386,0.7612302032244203,0.6213342665776004,0.16605554962981867,0.1528532219059239
eda_stress_skin_max,0.16990992659489892,0.41845929060246945,0.16136773517561967,0.17832434693401497,0.4170921516436186,0.1698508387370095,0.4191137976833493,0.4184326206855579,0.16993263171161552,0.4170921516436202,0.5581026917914802,0.05348894598688213,0.07528188315094947,0.9945934063525781,0.8800621731907996,0.9731531773864319,0.0,0.8877130564074229,0.9940830135311761,0.8631625177951596,0.8557820054640091,0.9952672590954504,0.8893642620767317,0.7144530240478252,0.1006962226173993,0.09005970954583392
eda_stress_skin_range,0.2838598067390961,0.4713847646792572,0.275804521117754,0.2916180808888674,0.46936368227406866,0.28384913098893894,0.4726782816353613,0.472496662853541,0.2838808503434388,0.4693636822740695,0.5220747016667515,0.053043606444614644,0.1038973723971333,0.8363902496742203,0.998731567480576,0.757916507349681,0.8877130564074229,0.0,0.8348681068883845,0.9920479252441277,0.9900739966045551,0.8401489236026108,0.9980515614930854,0.7821310095483572,0.046759803451907334,0.050498237394350394
eda_stress_skin_median,0.13412891666086457,0.3870740708335056,0.12584341393597925,0.14234240259178121,0.38584094519136947,0.1340576059493115,0.38763106059368535,0.3868125319197995,0.13415103847818932,0.38584094519137113,0.5445513562394643,0.08328125271012587,0.06609046114379417,0.9999442799024291,0.8267932171828605,0.9911870732105125,0.9940830135311761,0.8348681068883845,0.0,0.8094322136725544,0.8008618718292112,0.9998966125031309,0.8375060062654816,0.6769698917242262,0.15451257436669566,0.11331558894002709
eda_stress_skin_iqr,0.26019250848714676,0.4421592718551169,0.2525299524209414,0.26756653626299215,0.44006479405689114,0.26018947721189345,0.44344646105326163,0.4433634703724868,0.26021243004225675,0.4400647940568916,0.5028827690346299,0.05162700991843725,0.10435014358352776,0.8105772118781566,0.9969573406008996,0.7271054007112012,0.8631625177951596,0.9920479252441277,0.8094322136725544,0.0,0.9987998123592662,0.8146694602038747,0.9898290920095834,0.7753912420127553,0.025228692158910562,0.12228989599171879
eda_stress_skin_mad,0.2583085893173515,0.4333515860504462,0.2508336637847882,0.26545605164000763,0.4313169667796086,0.2583214670583748,0.43463792568938475,0.4347304643461426,0.2583279082178158,0.431316966779609,0.48812206480367504,0.07283898024225023,0.10215317026781918,0.8021117512983452,0.9948825350175401,0.717634506770427,0.8557820054640091,0.9900739966045551,0.8008618718292112,0.9987998123592662,0.0,0.8062535858639671,0.9875676954324424,0.7730704527789118,0.028989049484071806,0.13550001315999455
eda_stress_skin_rms,0.1379665602807424,0.39157394173726395,0.12962027273486634,0.14623242529152067,0.39035648265897394,0.13789734517714133,0.39210888513429737,0.39131887378810026,0.1379888207472971,0.3903564826589756,0.547659476169584,0.07858720753017091,0.0671039774348777,0.9999710982568548,0.8320771357856447,0.9902251212728386,0.9952672590954504,0.8401489236026108,0.9998966125031309,0.8146694602038747,0.8062535858639671,0.0,0.8426269443844927,0.680555784108666,0.14468999306789704,0.11221693109034604
eda_stress_skin_mean_abs_diff,0.2781663431209929,0.4698520097480796,0.27009231584486487,0.2859987775461966,0.46741739405479354,0.2781417498334943,0.4716414612113841,0.47136020106178017,0.27818735750992757,0.4674173940547944,0.5225402609719425,0.03684362349453886,0.10906412973561284,0.8389277553410511,0.9967164320878015,0.7612302032244203,0.8893642620767317,0.9980515614930854,0.8375060062654816,0.9898290920095834,0.9875676954324424,0.8426269443844927,0.0,0.773671059129192,0.04647541881065236,0.044879800250793724
eda_stress_skin_slope,0.34676344526514014,0.3992652709468856,0.3418300910144255,0.3514768501181479,0.3976763876081652,0.34675034678711875,0.39976079372446516,0.39956975041604303,0.3467800221673475,0.397676387608166,0.37278669101448697,0.036786782887315114,0.027436483989256067,0.6777737976094845,0.781392786461908,0.6213342665776004,0.7144530240478252,0.7821310095483572,0.6769698917242262,0.7753912420127553,0.7730704527789118,0.680555784108666,0.773671059129192,0.0,0.03560591889295355,0.018812591749152004
eda_stress_skin_skew,0.21502265422477884,0.1899380821162684,0.21334958221033276,0.21619415158112215,0.18946554647329747,0.21513162619550608,0.1908101376952488,0.19179969237040392,0.2150256102203154,0.18946554647329952,0.03476058569751128,0.32002172018279806,0.04471533049626196,0.14642461046775315,0.03895736218825399,0.16605554962981867,0.1006962226173993,0.046759803451907334,0.15451257436669566,0.025228692158910562,0.028989049484071806,0.14468999306789704,0.04647541881065236,0.03560591889295355,0.0,0.07980468775517759
eda_stress_skin_kurtosis,0.05531902948125861,0.052273177829123184,0.05496718660792349,0.05601570340085598,0.05465090477603179,0.055220708623532455,0.04954050000993966,0.04843919242104656,0.055320388496991536,0.054650904776030726,0.058629183500954946,0.13175270927237387,0.012414714875107962,0.11417623140226037,0.07391942677913081,0.1528532219059239,0.09005970954583392,0.050498237394350394,0.11331558894002709,0.12228989599171879,0.13550001315999455,0.11221693109034604,0.044879800250793724,0.018812591749152004,0.07980468775517759,0.0
