,PC1,PC2,PC3,PC4,PC5,PC6,PC7,PC8,PC9,PC10,PC11,PC12,PC13,PC14,PC15,PC16,PC17,PC18,PC19,PC20,PC21
ppg_red_mean,0.14131742299572395,-0.08588836161530446,-0.5185927383235602,-0.22213604108045729,0.039354100850710214,-0.22524895575570675,0.10729332185062816,-0.07842536680002199,0.1623786699906199,0.17462218860952095,-0.23190588231844134,0.015464872386297684,-0.0791865069106862,0.020531167980579756,-0.009785224883279103,0.3593725536565208,0.11759738447210255,0.16562243061290252,0.14369092912929732,0.18063887963711436,-0.4930196904474387
ppg_red_min,-0.33756640671452826,0.05319731026615091,-0.14478405806933362,0.12366816979514071,0.13390497517658353,-0.09302184295363194,0.19796105337772454,-0.08712713702197813,0.08924071327584676,-0.030203910020839754,-0.20203985174814376,0.06299994375851983,-0.20908812399255744,-0.018261916604448255,-0.18603649346910606,0.45246283595827785,-0.3483184190721572,-0.2944270451208215,-0.35760230277267696,0.047104140663348476,0.31375050685334155
ppg_red_max,0.36353458844938435,-0.09615166575511634,0.03181442095974527,0.0741888057095834,0.0032027207429822712,-0.0844663259366378,0.0043479635464503535,-0.047630471724952814,-0.04114553149984376,0.12553423453727544,-0.04096598433039923,0.0752979255037295,-0.12803291388965654,0.07334596408380979,0.1905857364207041,0.30353581273770397,0.1744242814860954,0.32444775792406755,0.23705110405167942,0.15592816647254606,0.6718803351228448
ppg_red_median,0.18519272908134368,-0.12231464724132957,-0.43477340145923354,-0.09119619968343685,0.07056748664232855,0.21748459315241367,-0.010319980836256574,-0.023187058735073283,-0.4549247398604496,-0.6411389745113717,0.07901721935937699,-0.0877949003067396,-0.21331828720329615,-0.04135955589844351,0.0940178742148883,-0.03599970739592972,-0.08727905591622,-0.0018759313308604844,-0.0462828576209683,0.008596860462747088,0.03632475426639075
ppg_red_skew,0.033460833007089054,0.11069885515181939,0.08076710847005612,0.08795511479726274,-0.04253529912369397,-0.8720744042981694,0.25415283711874054,-0.00689172232275194,-0.1434493576562338,-0.24701474474351748,0.15873321009513802,-0.021852016171092517,0.0006689869771116884,-0.12388667299709855,0.012262016101932317,-0.14241925612082992,0.03359585462363828,-0.0027689783499118756,0.007133561694350013,-0.03370556743147079,-0.005433773705865576
ppg_red_kurtosis,0.1006685766974058,0.41194607958112717,-0.12082376512961518,0.11780765708805671,0.030353560552818036,-0.04867059715406814,-0.07519073363649718,0.43931481051645616,0.038297777721976005,-0.16626076140523952,-0.05473463609947268,0.12861761146115192,0.1442973316670064,0.69009803245594,-0.10850419481034351,0.03517322361788349,-0.000124102162264646,0.12537115203767066,-0.12312387503549432,-0.007309102227571,-0.010100005756804099
ppg_red_diff_mean_abs,0.31084574495057676,-0.039677098105051406,0.24040980096170617,-0.26492134754899044,-0.08267195846307841,-0.03551157803371495,-0.10562078596764196,0.028015635378583075,0.030986662887847224,-0.11702228014156761,-0.14629264491941568,-0.0053862744285428366,-0.1515473584077836,0.06765485446580644,-0.12512884380020517,0.09849906470765922,0.5241438090553432,-0.5663985123005328,-0.2278955223848675,0.13162717426821777,7.521422977821284e-05
ppg_red_signal_energy,0.3266848692394971,-0.14524027754314997,-0.08145752829766455,0.2236732344533933,0.11924356715346933,0.0010883557583774958,0.04659417175722948,0.0011715587310283505,-0.02771889103371968,0.1355365847290032,0.18662787586339427,0.13943902820152762,0.08931513959224696,0.005562148553657923,0.08789419642581979,0.2698786086351778,0.018703600547416523,-0.18998905586201348,-0.05364324457468081,-0.7670923547028787,-0.09690703026820108
ppg_red_zcr,0.04651495739469504,0.13685184980843912,0.15715702095349143,-0.3001972099531276,0.5283490493507996,0.05063426451228953,0.16541185703001074,-0.5270712041689847,0.24075872559472217,-0.21492175761951157,0.12353058748850367,0.28126571272968365,0.13185413824678258,0.20482409629624518,0.10790686874619261,-0.07504353601453032,-0.016181940166049992,0.04164172577912034,0.015116295603713333,0.006700368711150867,-0.00029107845378801775
ppg_red_p90,0.31976048401958207,-0.08139160225177311,0.14477354644696905,-0.1855833804857918,-0.1695174728963495,-0.13148623987738947,-0.1167173584181671,-0.05693911114935316,0.026540262942489307,0.16112166219646937,-0.16567747155558266,-0.12171395318630736,-0.1587360578937575,0.21061942374082956,0.47825676286984037,-0.13367213756577587,-0.557739226090057,-0.07438836428987017,-0.25079720787354387,0.037114683068063106,-0.08289458317981632
ppg_red_trim_mean_10,0.007236702153952339,-0.028610893928951574,-0.497133948170887,-0.4171113662125843,-0.058697427939572985,-0.10916306328599644,-0.03290764070046608,0.05275071942617286,0.2065032349519943,0.1558279571042556,-0.026301231197014142,-0.08682819926985236,0.2977193554516823,-0.04571527224798907,-0.10602629344470996,-0.36586857325712563,0.010290207908326384,-0.1334425880793933,-0.06730980218337292,-0.1967471324320731,0.4320181766701304
ppg_red_crest_factor,0.13182477941563508,0.409007980738121,-0.05279943212883608,0.04597038153800561,0.10612016314549992,0.021075156493645063,-0.19068133373473328,0.10588199200688646,-0.04876200693352332,0.014291186331110909,-0.33909730903663143,0.4485472601233823,-0.0024405993505979056,-0.5230206385582651,0.18110008330370406,-0.10293846806194913,0.0753407636831408,0.16053499157338913,-0.2878039004887026,-0.02890682473527156,-0.018152319547166448
ppg_red_shape_factor,0.1001191539750888,0.4030907823934676,-0.08247386042422918,0.07927068134376458,0.08485486523320629,-0.025591397763514906,-0.30867995079925253,-0.3554402744757706,-0.0226834325524879,0.15952524272251775,0.25762169934131224,-0.5463812542768901,-0.11902829225711316,-0.02697709965732845,-0.13747272135146651,0.08293575255139216,0.12057051065438656,0.1919818564253993,-0.3170640765882041,-0.038155206754046364,-0.0039059874752987427
ppg_red_clearance_factor,0.12000574273338838,0.44050184680124366,-0.08652582301760368,0.0779748939933197,0.09070471975548658,-0.014790651525476603,-0.21908816546434196,-0.04038818818072671,-0.03148317737141363,0.03783875394792737,-0.024713958220715256,-0.049783187769219445,-0.02701145455715627,-0.08557103639991652,0.011069707409046635,0.034191985943772756,-0.23817155839834153,-0.4777615888199794,0.6442884957291599,0.06756031894221244,0.020083700653798397
ppg_red_mean_cross_rate,0.025998408039278532,0.09157494281861515,0.1431290943063665,-0.2843441643162124,0.5399228134264873,0.05975142157259607,0.3622877002567111,0.43437976605842393,-0.3062393588471223,0.28520479912465235,-0.011563232505834926,-0.291384919995646,-0.07825253733736744,-0.08146146467385333,0.03990615649833677,-0.0005919973065845295,-0.002670660176711172,0.005184124805559862,-0.004763412551717152,0.0017142610331394822,-0.0006443412462402109
ppg_red_tke_std,0.3364880499053385,-0.12145787529732044,-0.06386181385179714,0.10780204408591681,0.06530991193942316,0.028788821803074086,-0.0074795262272906865,0.12231946146679974,0.0005449528377670578,0.09533748843628068,0.4758580102830033,0.15555804141392787,0.40672392287183,-0.17982005848401342,-0.15081895493301908,0.1122578665471397,-0.21981180505788225,-0.1165498949448217,-0.2076365201335638,0.48661231259810545,-0.039622500744394704
ppg_red_dx_mean,-0.2815440464461526,0.13186670631521866,0.0961858249362113,-0.301102690603103,-0.1691460644614846,-0.01638860682952291,-0.12308094572967529,0.07890495115518911,-0.06884546325717923,-0.19920448329771046,0.062197176029492734,-0.164826031506768,0.4805732281994664,-0.0911420631880904,0.44200277448818204,0.48637617080420503,0.0640447758214107,-0.007603814097785491,-0.0069499648986035166,-0.04521672289516098,0.01671275509286135
ppg_red_ddx_mean,0.2537224765748915,-0.09743013651318323,0.06151659195353876,0.3588530667749564,0.1572789754477224,0.05968991434755785,0.17301093567407724,-0.039921405858031764,0.24315053674397363,-0.26004504064331724,-0.49403669561985347,-0.4375202809104913,0.39482163730344116,-0.10583076945032481,-0.0182988905492719,-0.055928596222970216,-0.013815328394543034,0.011162666775604691,0.0004084194189877338,0.025318688444170734,0.0008539407087411209
ppg_red_ddx_std,0.2332319964515505,0.045780070338784166,0.2847689058839092,-0.3893641843834005,-0.1559558919068344,0.006234187873520077,-0.06614432521239777,0.10897287424657902,0.13410924329081889,-0.2202932748117049,-0.03494108488416792,-0.006755816546862152,-0.05920669526876148,-0.1898140892307108,-0.5290643944609988,0.2000973371879968,-0.3250293195649292,0.2774882815703565,0.11397234618698221,-0.21747031337780198,-0.002699123471014642
ppg_red_dx_kurtosis,0.10849788421267656,0.3013096254638241,-0.0762019257782331,0.025574072707221143,-0.2914526364797978,0.23295209357049393,0.5013502047148194,0.14901174089185074,0.4765220969581086,-0.11159927620595919,0.2869262241399657,-0.08479717321241771,-0.2596517950707968,-0.14348775653028814,0.23680330888408685,-0.01639528354592786,0.06195360227693378,-0.027897041846172702,-0.010836568134873867,0.006329361677289155,0.0063869341046849356
ppg_red_ddx_kurtosis,0.12266088729938349,0.2609184942823649,0.011337003076696946,-0.05024804909341337,-0.39411543313739694,0.1625052683785148,0.46018877794290713,-0.3479438195971538,-0.47470761744510115,0.19701491381783914,-0.17211590751780423,0.08556438567051008,0.2468172358553705,0.10422544159574416,-0.15927217877550487,-0.006228244827283566,-0.010917532520957961,-0.021282463900042084,-0.026379855855410587,-0.0040369313114027895,-0.008313613455739617
