,PC1,PC2,PC3,PC4,PC5,PC6,PC7,PC8,PC9,PC10,PC11,PC12,PC13,PC14,PC15,PC16,PC17,PC18,PC19,PC20,PC21
ppg_red_p90,0.3197604840195819,-0.08139160225177325,0.1447735464469717,-0.1855833804857895,-0.1695174728963494,-0.1314862398773889,-0.11671735841816817,-0.056939111149351566,0.026540262942490518,0.1611216621964665,-0.16567747155558374,-0.12171395318630746,-0.15873605789375894,0.2106194237408307,0.4782567628698396,-0.1336721375657762,-0.5577392260900532,-0.07438836428989533,-0.2507972078735443,0.03711468306806142,-0.08289458317981874
ppg_red_signal_energy,0.32668486923949863,-0.14524027754315116,-0.0814575282976698,0.22367323445339277,0.11924356715347065,0.0010883557583761436,0.04659417175723054,0.0011715587310261566,-0.027718891033722236,0.1355365847290073,0.1866278758633912,0.1394390282015248,0.08931513959224778,0.005562148553658938,0.08789419642582111,0.2698786086351783,0.018703600547429457,-0.18998905586201337,-0.05364324457468012,-0.7670923547028775,-0.09690703026819278
ppg_red_dx_mean,-0.2815440464461496,0.13186670631521788,0.09618582493621601,-0.30110269060310163,-0.16914606446148567,-0.016388606829523603,-0.12308094572967522,0.07890495115518918,-0.06884546325717862,-0.19920448329771018,0.062197176029489896,-0.1648260315067674,0.4805732281994667,-0.09114206318808724,0.44200277448818487,0.48637617080420453,0.0640447758214169,-0.007603814097782721,-0.006949964898603678,-0.0452167228951604,0.0167127550928618
ppg_red_diff_mean_abs,0.3108457449505769,-0.03967709810505218,0.24040980096170916,-0.2649213475489869,-0.08267195846307832,-0.03551157803371441,-0.10562078596764163,0.028015635378584803,0.030986662887849827,-0.11702228014156732,-0.14629264491941274,-0.0053862744285400775,-0.15154735840778535,0.06765485446580624,-0.1251288438002059,0.09849906470765456,0.5241438090553698,-0.5663985123005066,-0.22789552238487204,0.13162717426821968,7.521422977759799e-05
ppg_red_min,-0.33756640671452887,0.053197310266151474,-0.14478405806933542,0.12366816979513819,0.1339049751765834,-0.09302184295363226,0.19796105337772327,-0.08712713702197888,0.08924071327584905,-0.03020391002083993,-0.2020398517481402,0.06299994375852265,-0.20908812399255863,-0.018261916604447682,-0.18603649346910192,0.4524628359582807,-0.34831841907214045,-0.2944270451208356,-0.3576023027726791,0.047104140663351605,0.31375050685334116
ppg_red_ddx_std,0.23323199645155082,0.045780070338783695,0.2847689058839143,-0.3893641843833973,-0.15595589190683426,0.00623418787352063,-0.06614432521239698,0.10897287424658068,0.13410924329082072,-0.22029327481170366,-0.03494108488416474,-0.006755816546859104,-0.05920669526876226,-0.1898140892307109,-0.529064394460996,0.20009733718800402,-0.3250293195649415,0.27748828157033895,0.11397234618698424,-0.2174703133778032,-0.0026991234710133124
ppg_red_ddx_mean,0.25372247657488983,-0.0974301365131826,0.06151659195353568,0.35885306677495715,0.15727897544772299,0.05968991434755789,0.1730109356740773,-0.039921405858031576,0.24315053674398004,-0.2600450406433265,-0.4940366956198557,-0.4375202809104867,0.3948216373034351,-0.10583076945032387,-0.01829889054927164,-0.055928596222969966,-0.013815328394544057,0.011162666775604421,0.0004084194189874771,0.025318688444170956,0.0008539407087415639
ppg_red_dx_kurtosis,0.10849788421267693,0.3013096254638239,-0.07620192577823273,0.025574072707220966,-0.2914526364797985,0.2329520935704931,0.5013502047148213,0.1490117408918485,0.47652209695810654,-0.11159927620595222,0.28692622413997293,-0.08479717321241728,-0.25965179507079367,-0.1434877565302871,0.23680330888408682,-0.016395283545928747,0.0619536022769356,-0.027897041846169056,-0.010836568134874474,0.006329361677289519,0.006386934104684963
ppg_red_mean,0.14131742299572478,-0.08588836161530515,-0.5185927383235585,-0.2221360410804632,0.039354100850709284,-0.22524895575570678,0.10729332185062705,-0.07842536680002234,0.16237866999062056,0.17462218860951959,-0.2319058823184431,0.015464872386297795,-0.07918650691068825,0.02053116798058047,-0.009785224883277311,0.35937255365651904,0.11759738447209761,0.16562243061290813,0.14369092912929887,0.18063887963711261,-0.4930196904474367
ppg_red_clearance_factor,0.12000574273338875,0.4405018468012432,-0.08652582301760488,0.07797489399331867,0.09070471975548647,-0.01479065152547554,-0.21908816546434243,-0.04038818818072544,-0.03148317737141316,0.03783875394792629,-0.024713958220716183,-0.04978318776922018,-0.02701145455715664,-0.0855710363999176,0.011069707409047603,0.034191985943774754,-0.23817155839831816,-0.47776158881999486,0.6442884957291565,0.06756031894221506,0.020083700653798647
ppg_red_tke_std,0.336488049905339,-0.12145787529732127,-0.06386181385179922,0.10780204408591652,0.06530991193942368,0.028788821803073864,-0.007479526227288822,0.12231946146679801,0.0005449528377610875,0.09533748843628638,0.4758580102829991,0.15555804141392296,0.40672392287183473,-0.17982005848401364,-0.150818954933019,0.11225786654714073,-0.21981180505787734,-0.11654989494482952,-0.20763652013356526,0.48661231259810467,-0.039622500744399686
ppg_red_median,0.18519272908134268,-0.12231464724132955,-0.43477340145923077,-0.09119619968344198,0.07056748664232754,0.2174845931524141,-0.010319980836256784,-0.023187058735074068,-0.45492473986044474,-0.641138974511376,0.07901721935938157,-0.08779490030673628,-0.21331828720329757,-0.041359555898442715,0.09401787421488896,-0.035999707395927984,-0.08727905591621976,-0.0018759313308642706,-0.04628285762096851,0.00859686046274708,0.036324754266391014
ppg_red_ddx_kurtosis,0.12266088729938389,0.26091849428236435,0.011337003076698356,-0.05024804909341244,-0.39411543313739733,0.1625052683785141,0.46018877794290386,-0.3479438195971615,-0.4747076174451001,0.19701491381783337,-0.17211590751781228,0.08556438567050813,0.246817235855368,0.1042254415957434,-0.15927217877550498,-0.006228244827283599,-0.010917532520957422,-0.021282463900042473,-0.026379855855410195,-0.00403693131140315,-0.008313613455739692
ppg_red_max,0.36353458844938435,-0.09615166575511637,0.03181442095974668,0.07418880570958458,0.0032027207429821134,-0.0844663259366378,0.004347963546449159,-0.0476304717249531,-0.041145531499844304,0.12553423453727544,-0.04096598433039986,0.0752979255037287,-0.12803291388965754,0.07334596408381075,0.19058573642070417,0.30353581273769864,0.1744242814860801,0.32444775792407476,0.23705110405167976,0.15592816647255459,0.6718803351228454
ppg_red_crest_factor,0.13182477941563553,0.4090079807381208,-0.052799432128836914,0.04597038153800497,0.10612016314550002,0.02107515649364583,-0.19068133373473217,0.10588199200688894,-0.04876200693352271,0.01429118633111026,-0.33909730903662816,0.44854726012338425,-0.002440599350598856,-0.5230206385582646,0.18110008330370506,-0.1029384680619502,0.07534076368313264,0.16053499157339474,-0.28780390048870164,-0.028906824735272875,-0.018152319547166576
ppg_red_shape_factor,0.10011915397508923,0.4030907823934676,-0.08247386042423038,0.07927068134376361,0.08485486523320641,-0.025591397763513907,-0.30867995079925664,-0.35544027447576865,-0.02268343255248688,0.15952524272251523,0.25762169934130696,-0.5463812542768925,-0.11902829225711227,-0.02697709965732764,-0.1374727213514665,0.08293575255139239,0.12057051065437721,0.1919818564254073,-0.317064076588203,-0.038155206754047516,-0.0039059874752989223
ppg_red_kurtosis,0.10066857669740624,0.41194607958112683,-0.12082376512961669,0.11780765708805564,0.03035356055281809,-0.04867059715406761,-0.07519073363649287,0.4393148105164576,0.03829777772197433,-0.16626076140523693,-0.05473463609947037,0.12861761146115397,0.14429733166700612,0.69009803245594,-0.10850419481034508,0.03517322361788323,-0.00012410216227049542,0.12537115203767044,-0.12312387503549259,-0.007309102227571522,-0.010100005756804175
ppg_red_zcr,0.04651495739469529,0.13685184980843929,0.15715702095349388,-0.30019720995312676,0.5283490493507996,0.0506342645122893,0.16541185703000644,-0.5270712041689839,0.2407587255947245,-0.2149217576195069,0.12353058748850765,0.2812657127296855,0.1318541382467838,0.20482409629624607,0.10790686874619215,-0.07504353601453116,-0.016181940166051813,0.041641725779119336,0.01511629560371421,0.006700368711150872,-0.00029107845378795796
ppg_red_mean_cross_rate,0.025998408039278723,0.09157494281861525,0.14312909430636875,-0.28434416431621146,0.5399228134264867,0.0597514215725954,0.36228770025671564,0.434379766058418,-0.306239358847126,0.2852047991246484,-0.01156323250584039,-0.29138491999564986,-0.07825253733736753,-0.0814614646738542,0.03990615649833699,-0.000591997306584678,-0.002670660176711256,0.0051841248055597275,-0.00476341255171719,0.0017142610331394696,-0.0006443412462402541
ppg_red_trim_mean_10,0.007236702153951496,-0.02861089392895164,-0.49713394817088186,-0.4171113662125898,-0.058697427939574796,-0.10916306328599537,-0.032907640700465965,0.05275071942617359,0.20650323495199244,0.15582795710425376,-0.02630123119701758,-0.08682819926985473,0.29771935545168304,-0.0457152722479901,-0.10602629344471097,-0.36586857325712574,0.010290207908329333,-0.13344258807939177,-0.06730980218337361,-0.19674713243206893,0.4320181766701327
ppg_red_skew,0.03346083300708892,0.1106988551518196,0.08076710847005471,0.08795511479726324,-0.04253529912369398,-0.8720744042981705,0.2541528371187384,-0.006891722322754839,-0.14344935765623276,-0.24701474474351784,0.15873321009513905,-0.021852016171092635,0.0006689869771120738,-0.12388667299709885,0.012262016101931195,-0.14241925612082926,0.03359585462363722,-0.002768978349910401,0.007133561694350246,-0.03370556743147113,-0.00543377370586534
