,PC1,PC2,PC3,PC4,PC5,PC6,PC7,PC8,PC9,PC10,PC11,PC12,PC13,PC14,PC15,PC16,PC17,PC18,PC19,PC20,PC21,PC22,PC23,PC24,PC25,PC26
acc_x_dyn__harmonic_mean_of_abs,-0.19057862581148308,-0.1081870684916913,-0.2882785648621557,0.3963609833567906,0.16702506761492633,-0.057002066376693306,0.014876877843006479,-0.007695590025541558,0.05573184638228019,-0.17924987677957108,0.14113665983003604,-0.3269737022376729,-0.12438139769164097,-0.006737751675848736,-0.04946564202463993,0.5613158201442724,-0.03331121661572904,0.12358642119856851,-0.27289941301349474,-0.05589127875957004,0.03607769878715449,0.00021202195983287682,0.181542722000205,-0.14950029970500298,0.15783912236973596,0.09864679225818836
acc_x_dyn__quantile_0.4,0.212142098187383,0.09540962940680417,0.20565249771896155,-0.34001884022602485,0.012666136171258054,0.11113878470775924,0.15266745552933308,0.10424677509125849,-0.019172607007405907,0.07365444245392654,0.24561002394810288,-0.09112220412305207,-0.04628671596747568,-0.06902090526900419,-0.2505485955585272,0.21925191018969423,0.5453660352187599,-0.039772137447878594,0.1348578580963614,-0.005495678376261742,0.2699873238532772,-0.10075656004434107,0.2889849529990622,-0.2211902489287011,0.12813131207386638,-0.0021534147347414823
acc_z_dyn__quantile_0.4,0.23429399913206572,0.07242213490208531,0.1394956337146977,0.19071710370958872,-0.17502699552072773,-0.014089922556872867,0.04524078807475521,-0.06472782092694596,0.04064577496623596,0.04803049405929934,0.1684324750117571,-0.0900216135192432,0.14072648369794744,-0.06192774950354653,0.27420264929537674,-0.04832038541638225,-0.014284300406178552,0.45589124332272546,-0.004521061128853551,-0.2948397605863381,0.4419024899557521,0.29995553172250755,-0.30521481648000987,-0.17505525922529241,-0.01861108818982667,-0.031254658032635343
acc_y_dyn__harmonic_mean_of_abs,-0.21727215633302896,-0.042381564672205024,-0.26010738860110805,-0.13652124185757575,0.15544303965358633,0.2784142890893673,-0.109026405117118,-0.04354325758458897,0.1207864720827161,0.34786285976066,0.11273120397917076,-0.2408152059819173,0.0019723132337139807,-0.13558158155302835,-0.18239198902093537,0.028365667971301023,-0.07380473068283257,-0.2745158066539047,0.22200893489130308,-0.011597273237303064,0.08701433932523299,0.5472119736972492,-0.1682055718573616,0.040637383501704614,-0.0031240793952210964,-0.1526162145628072
acc_y_dyn__sample_entropy,-0.14881466630443088,0.36377052218156675,-0.10399683792438717,0.015135795790257839,0.09587571061530087,-0.21522897613753428,-0.08047754724688579,0.06553223162123897,-0.4176643449062458,0.11475332243993118,0.117958797465659,0.0380347504591733,0.08003722800183943,-0.06402843150565496,0.2516933292952171,0.05572384043930592,-0.337543242667622,-0.16884662486174412,0.24642257952024144,0.08063132663526684,0.40922328370674754,-0.18200842889073912,0.2305947843828558,0.027116421181254007,0.11402157645277441,-0.10530862893961913
acc_z_dyn__sum_of_absolute_changes,-0.2304855281254584,-0.12714246883889627,0.12251127561923057,-0.11523088878280613,-0.1503670969628094,-0.14142515360546265,-0.1971938231393323,-0.09854169861784447,0.006883917428754169,0.0446253872720662,-0.21732517416904049,-0.141180879739465,-0.11230995455771507,-0.13787298139839307,0.054175596408443015,-0.24914376626067103,0.023222324522160415,0.10054209242637992,0.027707681527273945,-0.08783605651437039,-0.09422306949973804,0.026359413853963225,0.05932838821426221,-0.2128939028388192,0.7520934715747978,-0.046837049138348096
acc_y_dyn__avg_amplitude_change,-0.22920905417618526,-0.12340580212077608,-0.0006187877060557144,-0.02330181006677866,-0.21155260755521266,0.3310081155748443,0.03972025222612744,-0.01808934116341432,-0.07052146890809105,0.01494223531314131,-0.1354261334467358,-0.07216393686728477,-0.059434110211392686,-0.08230820282942469,0.038875377453868626,-0.18602685520787918,-0.023143323518433227,-0.043911795852445624,-0.12348886227171182,0.10505424152860386,0.367957485498118,-0.001578731959660014,0.13890287264180998,0.08595784740553196,-0.08079547411720465,0.7091831050902937
acc_z_dyn__quantile_0.6,-0.22821560853019676,-0.07248450077630139,-0.10214564764232593,-0.14341574560687254,0.0036992204493921663,-0.1016709530493445,-0.26695515335627656,-0.23917566736476084,0.12094827168395997,0.1864573045731324,0.24222892114702654,0.22123401420336755,0.27401560719631,-0.3267912599380772,-0.24525085252277407,-0.06434471236463767,-0.0081948168983399,0.4235590714978086,-0.1480211922085132,-0.08696954276734022,0.0003297631071225255,-0.13245042348752334,0.28768659032181454,0.17315763050958277,-0.16424747712991347,-0.058742118528889706
acc_z_dyn__variance_of_absolute_differences,-0.18025118096131892,-0.16565771031086254,0.29556220887394746,-0.2565884012732583,-0.27087524608312946,-0.2358286598678421,-0.1796056654693992,-0.041105295030848685,-0.3010370733058639,-0.12260851364820291,-0.20708985553141948,-0.365818632258404,-0.11744817696711973,-0.006703634042739206,-0.07809353621496883,0.19600792077828405,-0.10403385452769197,0.03192664092835555,0.04145426187485938,-0.07203624818574367,-0.019485508721652514,0.11196533205760469,0.052562567750341946,-0.14267725623487437,-0.4586414431767205,-0.1344473838722794
acc_x_dyn__quantile_0.6,-0.22541315190920905,-0.0973689668759384,-0.19125872219190387,0.258662381707822,0.021500581473098166,-0.1012405266257402,-0.11281410703742314,-0.011554088596637835,0.033556065558753324,-0.07064535891928611,-0.035805220340637454,-0.10973630017212521,-0.12514608727998341,-0.1490931438499566,0.008315364635087665,-0.08635559200643705,0.4061900279417059,0.039383300438597744,0.5409228957891835,-0.13358792987888118,0.056952430453478586,-0.3782224685434022,-0.308511802251588,0.0697746264912216,-0.1487129644247563,0.048455681135696
acc_z_dyn__sample_entropy,-0.17366748756326902,0.33007112311769465,-0.07485966325432149,0.11975870474858133,-0.05885614540334882,-0.05713779992880983,-0.1200626521505929,0.1613879084132005,-0.3251362771853444,0.004011044954248622,0.13519916049129777,0.10939868455134616,0.27961221475860687,0.07001191944533963,-0.20473645952101127,-0.05807354758100801,0.15424493871188644,0.12451719281573849,0.04626385774632668,0.1933532409404307,-0.3310630606152699,0.21602489850039314,-0.1512101059242844,-0.42531071315140667,-0.026660920250759106,0.2997499284575341
acc_y_dyn__variance_of_absolute_differences,-0.17069046682435635,-0.16746192440177562,0.028599398125746175,0.07481207691577747,-0.42064928209659397,0.5412291062273592,0.19159692488683502,0.010975664739052373,-0.31184385553389954,-0.1450938426506515,0.2091109246231698,0.15908268839602502,0.07977854134082464,0.018082181519190412,-0.08150260706917811,0.17558105939823365,-0.1388448491767337,0.07946138534093647,0.14429081829450557,-0.09338713055209698,-0.1200865678167152,-0.13037203306094616,-0.06585556119674595,0.10761493658653266,0.16278202537665187,-0.26313277737779217
acc_x_dyn__max,-0.12539799853552897,-0.2877529092891942,0.3768642084342479,0.21860563846495046,0.1381835041383348,-0.10490568861041058,0.2519041567244065,0.08220488439205349,-0.08575386590966423,0.5102512184060888,-0.19137439373741613,0.04270226414889611,0.3761880008036806,-0.1475238874234554,0.1591954336542267,0.2717717122245476,0.10482875051299922,-0.08763920206912827,0.005952694993539627,0.02618609593692743,-0.10440889189360524,-0.025425955992394403,-0.039801600220397325,0.06500973772856064,0.025866714883374026,0.07270368236164523
acc_y_dyn__quantile_0.4,0.18811769340949264,0.046801833814923845,0.09503941561479043,0.36395856189305065,-0.44075515262460724,-0.06958091896562438,-0.2894316559280071,-0.2729235640727457,0.11829852308496096,0.14122295085084094,0.08929966367227145,0.12027950189821958,-0.07542432712716692,-0.20928834266667237,-0.15909652562854262,0.07459373365130338,0.024867891052606752,-0.439120022025648,-0.17328899495799263,0.20856155151876302,0.10942499331223225,-0.09254092306489839,-0.08721133233093674,-0.15613750356674877,-0.018436704511751154,-0.08353388467990969
acc_y_dyn__tsallis_entropy,-0.14181429242371732,0.22801380696843707,-0.14566461085910173,-0.05397405394135223,-0.21481651750221872,-0.27920228384368806,0.7016232898048403,-0.3267006022089188,0.11775176765999591,0.13444442466396747,-0.0917583921443436,0.037076669192380604,-0.19389974326801096,-0.07360690839615817,-0.2162815010563339,0.00835095161014266,-0.13558548554869027,0.08687091380506232,0.10761922083050227,0.04433308540158438,-0.03142904024011788,0.02156628430390131,-0.03499427077874393,-0.07082192298141278,-0.022334082313296498,0.03730330733570215
acc_y_dyn__katz_fractal_dimension,-0.1925544312834545,0.28273439325974864,0.03891139612554078,-0.07628097906752225,-0.07598516875768807,0.116578731546457,0.011657963128630714,-0.015687748580801006,-0.0875910724836028,0.31829444870240364,0.2963327536027768,-0.1751352487497223,-0.37510938620221185,-0.049100590582615476,0.45318711416086477,-0.06148018470441229,0.22575359541070966,0.016880904785529678,-0.3235456026910974,-0.040908147443934305,-0.2847758190485386,-0.09506527991778065,-0.05227228452515399,0.10148607624276548,-0.11001519584017226,-0.05731308944425935
acc_x_dyn__cardinality,-0.1082402084454231,0.10792821127262667,0.5159411975172971,0.2275875685292228,0.49539856106767893,0.23488967918184317,-0.03587130337692823,-0.3778378402057079,-0.09577490666854073,-0.05472684475037084,0.07190801128327931,0.08707341825443442,-0.2910970492094038,0.01495840967236628,-0.19813092916259387,-0.10235508948765125,-0.1526617318540904,0.07300560256526628,0.09165484127800286,-0.021605322729314442,0.0073794044329297944,-0.01611860199988034,-0.006770744615445257,-0.1197316648796936,-0.04023611186265824,0.023904680022559972
acc_x_dyn__variance_of_absolute_differences,-0.18611382261242682,-0.20391948027316745,0.15151977999736232,0.09811134179681817,0.0052786607964170305,-0.27736590901428976,0.12627245762123715,0.5828250404503694,-0.007246172747798536,-0.006643917757014731,0.3146122996830161,0.16923281257931239,-0.2790221188947207,-0.10849026198232135,-0.27364804602076914,-0.23079968311448687,-0.11213357524147184,-0.10383857016238864,-0.17341096384277738,-0.1533356055344662,0.13622439811544754,0.06259858893019142,-0.10759825795530532,0.03523485470530888,-0.0006353215623074115,-0.02962950919573736
acc_x_dyn__quantile_0.9,-0.21511883758855407,-0.18273005354567043,-0.004538907347879787,0.2922738848151558,-0.050894572261869296,-0.006811342265151726,0.1679574227406253,-0.05480014748749573,0.0821187696197143,-0.14736142757451193,0.07087248447356158,0.018605117567366745,0.07566948179117192,0.1469451825421769,0.22844440121081966,-0.3371771580662933,0.25568516558255183,-0.03589420659282216,0.07967047514967875,0.26324405366349196,0.06117409959122675,0.2644384212333324,0.4692995712648514,-0.13543109264243638,-0.15532125062244673,-0.3087574800956205
acc_z_dyn__harmonic_mean_of_abs,-0.23186916128860646,-0.061418179633389476,-0.09328985784138172,-0.15883680973787978,0.018526775509471648,-0.010573389014833802,-0.13420228998239747,-0.030031240386828265,0.013985388726263122,0.010111423454456732,-0.21772270585810044,0.6690676723604018,-0.2942872312928846,0.10963059326087488,0.19428655520927723,0.3484265490372062,0.18381168912458112,0.04816255185823321,-0.02278422088076781,-0.024209217338005615,0.17702753075760969,0.19914644101286483,-0.08910317920621319,-0.13658132362672812,-0.020758297117882792,-0.02839202749251371
acc_x_dyn__approximate_entropy_0.1,-0.1877231836182154,0.30257731613233063,0.055348513390716614,0.049549608073517534,0.049726430307732335,-0.06289508345597755,0.08936912822868227,-0.1573101029635204,-0.18535985442550643,-0.33769717999446053,-0.18068148952069657,0.00342847439246901,0.24474971876804885,-0.11129640875193413,-0.11674892065107464,-0.038818319588756506,0.3267746006946655,-0.2661686071533343,-0.30468714017527176,-0.3401473056812685,0.10661374640170888,0.17588231636321336,-0.07601665716644922,0.334081301430719,0.07392774514961087,-0.09342258705957458
acc_y_dyn__quantile_0.3,0.23337249558398007,0.08304189364250061,0.1130796132289873,0.19152223554005526,-0.17190920802251308,-0.15055047167876348,-0.11564829934846727,0.019808348548115192,-0.04600289418430379,-0.011261721819093757,0.09083738428746864,0.08435575030420406,-0.2255462294814934,-0.08276064600830774,0.020980914788502867,0.14556438540947356,0.030845444438341547,0.06435772339138421,0.3529899730686083,-0.11472333167229762,-0.2444893540022929,0.3868913843284524,0.3196967019400133,0.44599404719293756,0.0839517416328984,0.2564120313983241
acc_z_dyn__lower_complete_moment,-0.1962838181341235,-0.17929753605510065,0.16984591500507099,-0.23338997772914866,-0.03103934417026399,-0.262851406381067,-0.01163029679148499,-0.296783037738584,0.15978660127655894,-0.17232749288016008,0.5159838591004672,-0.007309645648279569,0.186880492050193,0.36898279515384724,0.14509674329794567,0.0943863906852291,-0.018770025037513047,-0.2022972509445316,0.08764390980467103,0.05590688174386271,0.0060954600254831594,0.002595109277398752,-0.19674609343590269,0.10290713644678122,0.11174356981136833,0.22642456483731518
acc_x_dyn__katz_fractal_dimension,-0.19474311545382322,0.2628318345915562,0.134195193657941,0.018413245107385578,-0.11124064618589265,0.13833726164584334,-0.026338156559735953,0.1675914115029395,0.47379423809728305,-0.04352195794877679,-0.03851637839637914,0.05822442936670187,0.15149124370255834,-0.008564470011786006,0.1209433740831015,0.054419854183233515,-0.17979650265610694,-0.21861104170717816,0.14760326605651225,-0.5030436076687278,-0.13891191655216184,-0.09501573736289261,0.22900032458909192,-0.28931112746882737,-0.1251300730556152,0.08609934251769104
acc_z_dyn__katz_fractal_dimension,-0.19431759182840064,0.24762892774962794,0.1333519009401324,0.15483656098838924,-0.1646206112920916,0.013675446379078499,-0.15146491453355193,0.1382038894664432,0.18081622716977883,0.28257494357988155,-0.1649578713067329,-0.11634198617349761,-0.0021736699497020557,0.6195078291831677,-0.27680918699551027,0.040704868153713214,0.057604858577312165,0.19767286143900872,-0.022085213006822105,0.0776101652705055,0.1828828518927799,-0.07351142742941813,0.006252179093638877,0.2635818663356346,0.06530229494728551,-0.11374148678746679
acc_x_dyn__approximate_entropy_0.9,-0.18836001519263598,0.2468765154118097,0.2621309186785892,-0.0774041785269423,-0.014315638139561824,0.06089941942066344,-0.0015764074307876444,0.22017935833880392,0.3365272593476844,-0.31263126928218116,-0.033228031083116956,-0.05791423267904501,0.04307030447856993,-0.3880051346646235,0.10195495479153814,0.17714627000221933,-0.04612527296370277,0.1574019959012718,0.05517530130823901,0.5244755919613586,0.03163278485782322,0.04772671234722496,-0.16143138877501356,0.1565921903883275,0.04216901137424575,-0.0786628406866073
