,PC1,PC2,PC3,PC4,PC5,PC6,PC7,PC8,PC9,PC10,PC11,PC12,PC13,PC14,PC15,PC16,PC17,PC18,PC19,PC20,PC21
ppg_red_mean,-0.003905416569676955,-0.0815502354656445,-0.2722384446178856,0.38267162764070495,0.5545329956429725,-0.2503874826270096,-0.33424055800722624,0.07533423263231052,-0.403471359513901,-0.16040076574751716,-0.2993643595122748,-0.03244631399241108,0.024249876837058395,0.05824058048905376,0.017561484399635213,0.01770469144907931,-0.015181767647625926,-0.007590241657809616,-0.027655560562777043,-0.016779892707074254,0.008032849467998917
ppg_red_min,-0.3162911678282821,-0.026927522703976782,0.1493276822058638,-0.011824992948200776,0.07604799565701337,0.05624668132064715,-0.14657947145614544,0.20480623620258648,0.18777210171860542,0.1999301372045443,-0.18317272426565132,0.14449955685577293,0.016991315595442927,0.25771819952518704,0.44578084260861756,-0.11975486869392109,0.031822369205022,0.548732177877863,0.23053368663586576,0.19849019560402228,0.017953748292462695
ppg_red_median,-0.05807534031588343,-0.194951710460372,-0.08219383258702052,0.3369707705368799,-0.298796881619869,0.11235855989924247,0.5238968353058754,0.5760119258505099,-0.1874203405659722,-0.2652523032572046,-0.13347304361212714,0.05233412932241466,0.006779455293638442,0.007405310002901645,0.03798652043493618,0.014057296558587756,0.005391952078735539,0.025157741518401736,0.0027535415832498494,-0.037837367452776355,-0.016510741413247862
ppg_red_iqr,0.09655125006147759,0.37889681718532814,-0.06743601803029126,-0.2508010359225681,0.22343264211215494,-0.09140000744759678,0.15570776217640325,0.3357832502229152,0.09624308707607847,0.2724143799547136,-0.2888507491125631,0.1425419087754872,0.29330799593279183,-0.45006477236299913,-0.03379376598511993,0.29107909730315257,-0.09220812434592425,0.067399472083984,-0.06910638233084312,-0.067929732130629,0.016658105362435668
ppg_red_skew,0.07332433874081326,0.03945240621623801,0.5089720970076005,0.13702128506960048,0.0171988891236208,-0.37415574194954004,-0.331235621787996,0.40930287066389387,0.25115441626704477,-0.31653206503281667,0.3228551804224404,0.01565564115683294,-0.035977788426036855,-0.1458963808836319,-0.0351616638744221,0.0576394595341164,-0.024159151185247554,-0.033822214524005315,-0.025726589386596263,-0.017823472384702905,-0.010383723043557187
ppg_red_diff_std,0.2830980414633796,0.24234339085469547,-0.07899483506203356,-0.07926362181208998,0.07302751000820941,-0.06605803524526624,0.13118306372989877,0.10525586319485127,-0.0033129176047252736,-0.0857668419420228,0.015793548741643227,0.017062246114207223,-0.1078006058758089,0.1565725914906806,0.061347392775670216,-0.14235041947236377,-0.02363805798116088,-0.17451872509550692,-0.12120171519409065,0.7959056023344073,0.25174609940454573
ppg_red_zcr,0.05446407989636464,0.3384175092936922,0.01705834950922836,0.31146224362391484,0.056922726751012134,0.5414108120795473,-0.16378811236390525,0.031140072511900898,0.13294956705734404,-0.08508602485001726,0.00908914121292393,0.040525320981499996,0.04330918125877617,0.00638835494772367,-0.19676581964899775,-0.2722689058800608,-0.5459231150130353,0.09769293131921673,-0.08134826449853123,-0.07375923686332306,0.0027797495507919634
ppg_red_p1,-0.3035188279717677,-0.07656883298088046,-0.14574178849181377,-0.1916664255594987,0.04260342021732088,0.1600457756588655,-0.08898479438206205,-0.03534883120189345,-0.11489583112537612,-0.3390295705966562,0.22419192733205748,0.2693550620226566,0.18044678789750598,-0.018215159365641106,-0.32573561327255374,0.40461821062248116,-0.1048865452587032,0.08680087936759141,0.4034366614673546,0.2601555696546211,0.06923134339893165
ppg_red_p99,0.3195468482263543,0.12255215957932955,-0.02279791082262196,0.014603459240748448,-0.018912004001357566,-0.13743993821119116,0.10309550246640511,0.0025288992937475734,-0.08125497201811495,0.014538030072778506,-0.02536973291321494,-0.43156209627941317,-0.17523499403813303,-0.17848671743117808,-0.1850617474963674,-0.17225737317754583,-0.021964529893942555,0.288264474180266,0.662087134712247,0.021510018647328228,-0.0983155008833929
ppg_red_trim_mean_10,-0.001589415975081511,-0.18870415420982523,-0.45726572902457513,0.3652305040453462,0.2253672162796003,-0.15527001660952527,0.19682155968625606,-0.012774362552776806,0.564284556152676,0.21288503372064713,0.36171679050677286,0.07041966364120052,0.0016783363080272516,-0.040238455957037636,-0.02742904778028002,0.029836175829832272,-0.01545492245168976,0.0067767854815780695,0.06489098938726684,0.028349188185378238,-0.0017369244271536004
ppg_red_crest_factor,0.2512291057544036,-0.21390057227404227,-0.0376410274617191,-0.058855618927829596,-0.01510285503604429,0.16816654210627868,-0.2147367164685163,0.31338575720894224,-0.4027646350596588,0.4766057384235519,0.4308295619619197,0.12865647025880814,0.13972657600417582,-0.0013783184229455693,0.0034938103284403057,-0.09467844345633593,-0.013943524187654406,-0.027203163595974404,0.004004133713140227,0.10078800049749038,-0.28682709113666693
ppg_red_shape_factor,0.21120943852290214,-0.29742771930956063,0.08919138459837532,-0.11592707499843002,0.24462501514260881,0.3215808975244416,0.03217673863089389,0.0305437918303902,0.10162092910785363,-0.07942498311600638,-0.02706126536078316,-0.3217642027550579,-0.33496227672980666,-0.029338247184678378,0.28639067553693653,0.5122905452877087,-0.25549122041927985,0.018757885111578956,-0.09375067318371805,0.06708629704893528,-0.15156014934110532
ppg_red_impulse_factor,0.27096209559512485,-0.2582926091905983,0.08601408784969723,-0.03174996256932764,0.12863114335684267,0.20727072505838065,-0.021639149547697842,0.034083528941528836,-0.050066791267702894,0.028476987654229794,0.09058519625247492,0.04819418572476746,0.048445154098096375,-0.11160974024430821,0.005965453160859375,-0.0588943484042395,0.1490680218411126,0.14267710933195699,0.039033873052225866,-0.20776486882722286,0.8190843844034837
ppg_red_clearance_factor,0.17915782683691664,-0.2648309687434409,0.23618735305617922,-0.1157187686934474,0.3825553776213878,0.2583863809403002,0.12454570340360313,0.02035517862785402,0.25572465623411356,-0.16976107697673734,-0.23439232139017205,0.12183109018077297,0.243143615613474,0.05642512733592734,-0.23767447052806995,-0.27287434726379595,0.34352022242120855,-0.1354544995944722,0.08879390394676172,0.05938943579950963,-0.30747264328255464
ppg_red_mean_cross_rate,0.02886276236876236,0.37344318108047253,-0.033216743599464624,0.36855195589030587,-0.10294550387180537,0.3668657598983677,-0.20064078991619974,-0.00193156752487905,0.03549861917338723,0.025693648164448028,0.045219987214590945,-0.12014423147813973,0.0274182677406446,-0.08730378932144227,0.13435406631809585,0.298559873290239,0.6143474632067083,-0.10398801627132091,0.09779568129820712,0.06981131481306564,-0.026230933227264847
ppg_red_tke_std,0.3136916920604431,-0.033597256045556606,0.006565790841055051,0.13313356244849714,-0.09786961604625768,-0.08257503480786513,0.08809225125199814,-0.3276305803423755,-0.09373908704117506,-0.23180848203730478,0.09600796963199054,0.15687393744242561,0.1964722464958303,-0.18162014636992796,0.029521112446308992,0.06742025307783649,0.09175323082858108,0.6277187159150668,-0.35362140014575966,0.12946701952770387,-0.18327396729815254
ppg_red_tke_mean_abs,0.31511696411270396,0.13283778247677533,0.009771465713987636,0.03153629441883465,0.015705816280432654,-0.04621247958781634,0.10148585120855177,-0.18693616125190873,-0.05047009214913887,-0.19548775062223409,0.06486874721953843,0.4158610718323967,0.12447395226330553,0.031312020059730064,0.5638171784914554,-0.009371660726687615,-0.1684937289926424,-0.26620716558474156,0.3733954824287342,-0.1963561282767487,-0.06884330882094075
ppg_red_ddx_mean,0.25736296746633336,-0.04912374936275002,0.3062949244436236,0.2988741984003741,-0.1445454373687103,-0.14584988713660244,0.0485745629800242,-0.10813477693346721,0.03510336272956453,0.3160228515943758,-0.22749546820216962,0.07961049239579977,0.18381176782882325,0.470534016854547,-0.2866006547668812,0.39681508515115943,-0.14224952822414974,-0.024051065776124092,0.1020272342330878,0.0360540300118942,0.07403977775488359
ppg_red_ddx_std,0.178267338586648,0.32550331607967425,-0.19529367562310884,-0.26475949431505225,0.17244472018209228,-0.010143268355105315,0.08360972559304483,0.21061486773079224,0.0012895634577541712,-0.13868783709686142,0.1942514673107777,0.10130687528315867,-0.24802861541407523,0.5523837155436152,-0.13750288686146755,0.08822205701074694,0.18164933654654813,0.21272057857742113,-0.09733532577991857,-0.3484064248315742,-0.0562609973224516
ppg_red_dx_kurtosis,0.23351559948823045,-0.16745779673025882,-0.23829665466876082,-0.04250942806691671,-0.31400888993801257,0.011115725203543541,-0.35437975382931275,0.07232166711883675,0.1760158677894135,0.01028200111033672,-0.3502194086190099,0.44271045606566556,-0.47301311751190794,-0.16434180086882733,-0.1489366297754353,0.0042065461204802805,0.04843711880117216,0.0021121448793156024,0.03861239434085897,0.021410737196436175,-0.04808884518536121
ppg_red_ddx_kurtosis,0.20050904723808602,-0.11849834805128359,-0.3651159051305718,-0.19360070091300094,-0.30505226173770333,-0.02463150959168822,-0.31728237646653884,0.15016710694449742,0.23091114381537364,-0.1988924037215759,-0.11028635489157505,-0.35671623300261324,0.5175937055424347,0.19051656154863858,0.12234184603203242,-0.0075329524377147515,-0.06182007097062941,-0.022324106686782724,-0.019528692512559034,-0.037607314577861595,0.021307475504193
