,PC1,PC2,PC3,PC4,PC5,PC6,PC7,PC8,PC9,PC10,PC11,PC12,PC13,PC14,PC15,PC16,PC17,PC18,PC19,PC20,PC21,PC22,PC23,PC24,PC25,PC26,PC27,PC28,PC29,PC30
acc_x_dyn__harmonic_mean_of_abs,0.21658026081228585,0.13295928077155425,-0.16203620950000483,0.04966853472072154,0.10215451634121839,-0.06423267363118572,0.0030341557230003525,0.1911453330226521,-0.10501553751286925,-0.26495892689421124,-0.009761481457141345,-0.01674445094687816,0.05907951986798237,0.14852249492684189,0.2239533645571157,0.26889219586636925,0.4641678924265027,-0.02872655482377829,-0.0988849658353051,0.2012603209969471,0.5730227822244253,-0.0021617431322101034,-0.0838093017859846,-0.1309854208179108,-0.021939270845414718,0.01298305539624122,-0.032328197142476395,0.04689954268694102,0.054530518219207874,0.0005333656006558312
acc_x_dyn__quantile_0.4,-0.16427449963434815,-0.08416754634195568,0.2652972951805303,-0.13289927423181266,-0.5690436617699939,0.04476618736178709,-0.09037393356096862,0.09676271047638418,-0.05264555664174895,-0.19656872347503493,0.01830237994454732,0.0014810881807068902,-0.007096587483191409,-0.11183415840232618,-0.13798979113151333,-0.079731192533187,-0.057981631740212425,0.004068557764830537,-0.04617743048709416,0.07143052675036643,0.21684615583800448,0.0045911834785954085,-0.05426636638998122,-0.08018767654613941,-0.05691261481884606,0.06928332406929215,-0.029244229391350126,0.5840785850529785,-0.19428047830668554,0.004208831102038867
acc_z_dyn__approximate_entropy_0.1,0.14236900792409504,-0.1848780744252592,-0.2524358089112482,0.27142275530738397,-0.2643557432025671,0.027800792067501422,-0.028484279378967938,-1.2405781830303335e-05,0.3211517315607409,0.05636469021593541,0.010222554607396777,0.35562613962051404,0.5673558575008499,0.2653391561768789,0.026847476774408165,-0.21889937734155535,0.0007223090812723428,0.02552321512753417,-0.02459481080167868,-0.06156614622108183,-0.007893291961870396,0.14744599963474286,-0.16381881389182198,-0.05393284898975455,0.03718480856722781,-0.056215279978793185,0.04138724837939453,0.0035601984314913722,-4.601832632499455e-05,-8.226108797951589e-05
acc_z_dyn__quantile_0.4,-0.13844343931208078,-0.058735050616668096,0.2354083051571602,0.39045586664058973,0.23098646691061966,0.2043078109683924,0.03138545491470874,-0.20628970685152212,0.1664007470549514,-0.570425868965119,-0.038716928828083114,0.031267182051249225,0.04193743712092063,-0.05432410367074481,-0.02273365285400426,0.03935785084362005,0.005225524335997987,0.13757510014262206,0.08728867421255421,0.39438368892260245,-0.23713420136004731,-0.009314128823062514,-0.06326935110538683,-0.07950482510330431,-0.11295532478084293,0.01677075113759282,-0.017165330731995082,0.007805945226446534,-0.013577867859147677,0.07881031415084665
acc_x_dyn__sample_entropy,0.17256401585615208,-0.29969201222576114,0.07966948403178058,0.00803763839488534,-0.025600336832173345,0.06575439290443451,0.012414354620966751,-0.07879015650388498,-0.09643911723268428,0.09015845648253468,-0.14806409495446085,0.2614681744010236,-0.09131765775927751,-0.1902779140714746,0.11474485868708173,0.3424108192423011,-0.06107055519030391,-0.2689950031797592,0.3182303335273419,0.07063518430925939,0.060052503874796964,0.48888003909333283,-0.11290649278818018,0.30201348462391414,-0.0798812878307977,0.20391928267019435,-0.04753306720221249,-0.008456163698625683,-0.027564998861711012,0.0026614797999396297
acc_y_dyn__harmonic_mean_of_abs,0.19667330006041903,0.14491522170706606,-0.036708779340964545,0.02328633503053282,-0.08819926916388823,0.21385011987641486,-0.02011781327281108,-0.22416561915343505,-0.08283325320817979,0.009589967533986776,0.3803495404003283,0.34888823689739434,-0.3903951535713879,0.2112019421904852,-0.3346909765091906,-0.029825559980946464,0.2982283183211455,0.24209296274499312,0.20205868615944117,-0.08066934898919041,-0.0323927960454704,0.07322594927603696,0.01636497018941228,0.007528440330081675,0.15865617793606665,-0.07475076160664867,-0.12657816264535468,0.04407735076153575,-0.020909256348505333,0.014745021905477374
acc_y_dyn__sample_entropy,0.15263685968857368,-0.31980428539326844,0.062079884765793306,0.009759831803714262,0.058059609838359484,0.029162206063601235,-0.06748247990333016,0.14425901563960628,0.038566711610730685,0.021519319875730948,-0.12594169103805755,-0.2741830098715572,-0.02728539830093878,0.3349253360138174,-0.4087784249154094,0.13712313692460246,-0.006442308675821494,-0.20537617188064347,0.32377310086928657,-0.04109628737632755,-0.0021111979099212117,-0.3871513672800123,-0.3830164654589967,-0.03426301165823222,0.02869659782161218,0.0258354507788544,0.027679165085288376,-0.007014527843290075,0.014121125213024235,-0.008443298671214296
acc_z_dyn__sum_of_absolute_changes,0.24439542208276627,0.13974108279216346,0.16563940413945188,-0.036422472731067454,-0.0031602260039075795,-0.0684289198077613,0.009477513758830906,0.020557852321493455,0.008585667314891923,0.12205682066411658,0.01448298708578862,-0.03911670652072996,0.004836564003986443,-0.006033594600534058,0.15139672535505946,-0.05999549301905755,-0.18021106221390806,0.20120488299944267,0.13450368803190837,-0.09836395642836374,0.05848645256404029,0.011581880048299017,-0.20242323199271686,-0.18406874647091823,-0.4022089582379251,-0.11185517001288017,-0.3217912098257869,-0.05350345806592677,-0.05431940620506778,0.6170087730168979
acc_y_dyn__avg_amplitude_change,0.23564814927081007,0.11749542185521751,0.1443937470135293,-0.13271884437459583,0.0620364112632091,-0.01848175285730426,0.03184043785868109,-0.12925069436747788,-0.04597306021473899,-0.021010847639962887,0.3620001567949178,-0.06298617106088986,0.238797667912492,-0.084704448725459,-0.015384032171523185,0.019214285279898737,-0.13747975698392426,-0.03275982665377518,0.05063165468176775,0.00875604299393817,0.008109714354377935,-0.0014174753845881557,-0.12863531340468373,-0.15899029568940773,-0.34505848594682426,0.02100637808066815,-0.18367560359850854,-0.10611880602507584,-0.17149977243824038,-0.6399189966665042
acc_z_dyn__quantile_0.6,0.16877106582341303,0.13554098434975714,0.15463970626322596,0.4283787311286242,0.06376723411990753,0.2757301777009704,-0.06073361202980209,-0.04929346895091635,-0.20420583913278983,-0.07768454490029542,-0.16664910010038686,-0.17267646027745617,0.15802346666854583,-0.27271898286237245,-0.06991730893658568,-0.16734655481796304,-0.0843527549712717,0.07450064642964806,0.15519450045880406,-0.4671502631898675,0.331832583899603,-0.010352466876886757,0.09260072724819048,0.09001575721031216,0.1819060857332593,-0.01925886638099327,0.04435812820376002,-0.005582992173135274,0.023845631775949866,-0.06356626679983245
acc_z_dyn__variance_of_absolute_differences,0.16436942753179024,0.16607905212125829,0.3666482135493546,0.03720660758554839,-0.09659874141001157,-0.16416918911251174,0.028508531452071433,0.058380317879717016,0.3978499610554358,0.22328462069764915,-0.20446503424695753,-0.028092415107150194,-0.15281921587803693,0.17314854703382318,0.27515893850343803,0.016411944585630483,-0.04210825993347737,0.3163915071758033,0.32209501461387025,0.16026411060010462,0.0674621804704629,-0.018004833972636643,0.13670661888418112,-0.05638986112199398,0.16660677003445065,0.06045605536461559,0.18226307610012013,0.061163163608388686,0.06121729315321738,-0.2426073073923776
acc_x_dyn__quantile_0.6,0.1738369480217322,0.1031906147281216,-0.010118478971690527,-0.1341573941231039,-0.3667480838930528,-0.025324930870202485,-0.09256298337881642,0.3174458450374355,-0.27274719977886647,-0.4492059664295938,-0.020427093906330997,-0.01762517619571301,0.09523183434862945,0.12005954659848343,0.18178924438999922,0.15739143883333545,-0.027059880131933216,0.10365523965269222,0.17598478807909845,-0.16283214156472586,-0.3978586423265945,-0.01269053281192163,0.10339439478986018,0.14803165365802207,0.0001374151220411064,-0.10737557175103636,0.057228373842494004,-0.19471888214400557,0.15702751009822097,-0.030711303767354158
acc_z_dyn__sample_entropy,0.17092498148906848,-0.30039478726551605,0.044301641712814185,-0.032978586375681185,0.056990982215336695,-0.002259258986013259,0.01590981915701577,-0.0012122895423349479,-0.06496944508245564,-0.15240246624763568,0.011079343418508183,0.036400026638588164,-0.20458769632672458,0.08612043636437035,0.2592202061557833,-0.4863306469856582,0.08442062504224457,-0.42707469561652,0.17222822975276475,-0.04834106332351092,-0.03237578754102168,0.004373240125594352,0.33161903020000405,-0.39388635928139715,0.006345114469378237,0.02482485515304401,-0.06051045204114062,-0.0019923670279899082,-0.009108690179538656,3.319983903776431e-05
acc_y_dyn__variance_of_absolute_differences,0.19388572390891476,0.16222161007241376,0.28474117528918225,-0.1026668956089483,0.007346257065994609,-0.08776711315311687,0.06111741029533436,-0.167717765559756,0.10849889020381077,-0.017943518129444048,0.43710818503756316,-0.02840567802248596,0.30868159835199505,-0.06539132493067076,0.03095147287163684,0.1014558452844995,-0.04606610836138486,-0.3767698998987473,0.030997704245829313,0.13318674812250658,0.011664581944372542,-0.17560962467877,0.11698496568995978,0.2051815705072542,0.35988012345475806,-0.02510016085373994,0.0838048488467346,0.06872998215666742,0.08872371712329227,0.3012923948438608
acc_x_dyn__max,0.2311382482268207,0.130431308247981,-0.17739588022174507,0.0282301792729751,0.050173968750706274,-0.1514663443229799,0.026542973153432507,0.13084391629031875,0.0328644747631865,-0.11557020445819029,-0.05601901416184575,0.11355044754999913,-0.1468319352300611,-0.13198996750579056,-0.2773020935943043,-0.1273271699120652,-0.4090285738540513,-0.062093906734495045,-0.06400655929444016,0.20621799416172945,0.07963605574530515,0.09701204757810782,-0.04380796856314061,-0.058237236881587336,0.024717337412648657,-0.06679640343981155,-0.1256726680029459,0.17006226887024414,0.6280246600023881,-0.09168008931192828
acc_y_dyn__quantile_0.4,-0.14623253094502064,-0.08162150816717491,0.20661877104666404,0.41451380782254243,0.07555964051722897,-0.29522766798355454,0.001455329326920894,0.34682081455211744,-0.24305178300619437,0.13111255243536318,0.39846213868553415,0.201190836257416,-0.07231612393456127,0.02697091743437979,-0.04337415386203498,0.003968700527775972,-0.028415673471014875,0.015469004413315324,-0.004691741692838133,-0.055937746947425766,0.011386806310742086,-0.012036261961638678,-0.006678756548343896,-0.053597458046329226,-0.2371115550793126,0.1646129076031497,0.40184220661586484,-0.01411879008404358,0.08085452635753775,0.044654805879238556
acc_y_dyn__tsallis_entropy,0.04495207408154877,-0.07655856420420828,0.0975171871004052,-0.20276098883000276,0.24471039483398552,0.5843739403001251,-0.25748364684002656,0.5598962303348239,0.24874001540469637,0.08511709493840096,0.1587874186363166,0.1571085215655055,0.012240750275996895,-0.13141593601348564,0.05976927323337315,-0.016803062339843258,-0.029943553629704748,0.04688748523648159,-0.0803729555045643,0.043275066044917446,0.005761002545800162,-0.048327860045811334,0.055411202542524796,0.04771556632535542,0.0015098307147854745,-0.002211036789952307,-0.028315249449463148,0.001914293896485354,0.009691148636042817,0.0009959316629625354
acc_y_dyn__katz_fractal_dimension,0.17489633041814823,-0.2719431601613817,0.16008128762248516,-0.09016307858432707,0.12130092703255677,-0.04078522441048385,-0.01798075359988664,0.028013236125637518,-0.010041318773890804,-0.017666234706038047,0.08303251793864368,-0.40471956357682415,0.14264190609730257,0.2503035401750132,-0.29311482399438377,0.06250563159656128,-0.0004002737879034486,0.216825753454897,-0.2001335726969506,0.017885812637684174,0.011907774065457512,0.537937824006647,0.3264186709924064,-0.04868927126943141,0.008363544228774255,-0.056357699687930723,0.0636642479985469,0.018626634593561096,0.005789201769424539,0.08237090191713001
acc_x_dyn__cardinality,0.20656824188739673,-0.24450774816821041,-0.14651308269081523,0.13629030281293775,-0.1329178589608453,-0.042643240195105944,0.009867527667157237,-0.05532428679353749,0.05465749401356427,0.008737159762051791,0.0318587964524229,-0.0012331922071910943,-0.010926175140330018,0.007508663447419007,-0.03924015106220669,0.012920607170474866,-0.04699526889785314,0.18328192953455957,-0.1012546894229734,0.09988235448257195,0.09315258191784911,-0.3998768196592469,0.4418416951491264,0.34203398477424973,-0.22151287725994592,0.4105557844900187,-0.26759599826735686,-0.04891368932380578,-0.0031338780259496457,0.021067755108495394
acc_x_dyn__variance_of_absolute_differences,0.1782539549528334,0.15489994334163876,0.18012278205495913,-0.06467063315332494,0.046435761299775134,-0.3133477992682529,0.07526990922698584,0.1769230458091009,0.374835409993951,-0.16619464124167868,-0.20886324107898938,0.13325847274136868,-0.02803893819915828,-0.27776124380179246,-0.33707930162319544,-0.10768639281351777,0.40161058904830205,-0.14182423827947005,-0.1252518069516208,-0.24474889143132952,-0.13370820308155948,0.05910515117875819,0.001079885925757449,0.10436381455901583,-0.13994276235460307,0.08853008372115546,-0.0024073284282564765,-0.07674521108261056,-0.12208341563635096,0.012382794358302173
acc_x_dyn__quantile_0.3,-0.21798436603857846,-0.11821975788663854,0.23845226610464906,-0.07915842580221352,-0.351279330998563,0.046348970259909986,-0.04147600639347655,-0.03391980020176132,0.04995332351339577,-0.02747099617487895,0.04168735434654922,0.015199092087104937,-0.04285181118298355,-0.10022989392665214,-0.13379991395558746,-0.08750696627682124,0.02138737646111568,0.006902959597339795,-0.05975321579310122,0.14488263316620084,0.30808500365267305,0.037129459694693785,-0.07402976537980172,-0.11879377049014493,0.1048400698940551,0.042910394070953144,-0.0655501294791604,-0.7129055826470054,0.19321775917020884,0.025559017431513162
acc_x_dyn__quantile_0.9,0.23362889978935325,0.13327502643234795,-0.1951496555117272,0.016690125256429357,0.033856132517152644,-0.09784725121897142,0.0017603789646798288,0.16360329242305824,-0.07040068789862518,-0.14889836556567934,-0.044417238156044044,0.09541156345356322,-0.11602962720311207,-0.013497183026780872,-0.12418330099399202,-0.03802912247282161,-0.39817432656001606,0.026197111902616695,-0.05438527111729774,0.20295045019022923,0.06388778547829488,0.03341533874020989,-0.022334242898199064,-0.0996547659877474,0.297659071755744,0.14523849020021803,0.1535738782592621,-0.19872906623341496,-0.619902555222808,0.08385437815566944
acc_z_dyn__harmonic_mean_of_abs,0.19963162098748935,0.13386365332411748,-0.04349289325012671,0.1375044092234238,-0.1598872536372894,0.10616461138613222,-0.08282526466487479,0.0964784471553946,-0.3083277718366463,0.36645177083165403,-0.12300259796960625,-0.18461145277586472,0.16812948090679627,-0.2529796522569062,-0.1165315387654713,-0.20200125051487414,0.3317263926807863,-0.011319902710265868,0.07944960667036063,0.4932127073829334,-0.2743955814820214,0.01718399429803435,-0.011366893260346931,-0.07047625281387976,-0.003991881111253845,0.041070422884553405,0.0203981476112853,-0.0021241674447821544,0.0005756652313831474,0.025726742088181667
acc_x_dyn__approximate_entropy_0.1,0.13328920633090924,-0.17762385994088428,-0.29824292188956086,0.26783739180981647,-0.2502080383244844,-0.016680318021851128,-0.036767191143285055,0.026211530758433237,0.3568046265749638,-0.00776295775069269,0.3243404416626213,-0.38090412202959806,-0.28165664671806795,-0.36742228440035757,0.14752231719896358,0.19610762655224864,0.038613606646341135,-0.010674957217959451,-0.012371125604123368,-0.08682239233924362,-0.0846527303874312,0.05047999504280578,-0.08974286949939551,-0.12110298733965048,0.04994020734803618,-0.15791308015310554,0.05407721701242107,0.0005725627602579161,-0.028024284638671768,0.000997407302516823
acc_y_dyn__quantile_0.3,-0.21002466200266234,-0.1367754220550946,0.11644185493194313,0.2224421455084959,0.0958006685480322,-0.30282320714139066,0.024830138235796655,0.3026787965444373,-0.07665065047843939,0.05875823254078792,0.05546887560465168,0.038832767578735196,0.060679764575687835,-0.021539133727308073,0.023071011145874246,0.029409005378653586,0.035108825373931334,0.04011475877536101,0.08342906153095406,0.04086273066535026,-0.04555924367139667,0.031068626057584682,0.03217814394577489,0.08019796600768882,0.3422277668050997,-0.2565130499593729,-0.6514557901844814,0.027283383017693338,-0.13959345304701132,-0.10978297398890037
acc_z_dyn__lower_complete_moment,0.15883771182334042,0.19234796325845496,0.26890782577757666,0.32990825443310634,-0.17181719378716934,0.18913935640317933,-0.07142503293206218,-0.01570086865546845,-0.010622044412489,0.11455344341102387,-0.12382525120228959,-0.024080948185118023,-0.23788703402526218,0.33413543158757186,0.09638948854772737,0.11427825315269999,-0.08266573741610432,-0.33089043016892433,-0.5381444840287886,-0.025199964932761602,-0.1391433690910237,0.033152089727937255,-0.06514992915702322,0.05385728150624507,-0.036314406198352064,-0.030199761803763468,-0.14936663540563005,-0.033521391972616936,-0.029959917085135308,-0.07429582150753436
acc_x_dyn__harmonic_mean,0.00014642779867490223,-0.013953484247316445,0.003186002381681105,0.0005047662016663981,-0.0954193995249447,0.26236873617954065,0.9342884597017552,0.21068766582552742,-0.012402200156922234,0.026363596189926106,0.021205573236800432,-0.04564884014634445,0.0022741605531743764,0.021446065647244616,-0.018290059089867302,-0.007889581949987418,-0.005346636351269881,0.007291496341696876,-0.0010223069192528743,-0.004000225871601217,-0.005966452975244096,0.0018969550810261126,-0.012232072358994657,0.0034972355828544665,0.001324277440640895,0.004293324937440163,0.0013212618016479236,0.0006819802246475577,0.00121778833999495,0.0006961524864324535
acc_x_dyn__katz_fractal_dimension,0.1986151577938119,-0.24668310882351,0.15012066259257803,-0.09009227721489055,0.055948080151731555,-0.033212894048159775,0.04298243464415262,-0.10286787394581949,-0.14970755544386502,0.03720711186683916,-0.07256541251299302,0.17664910007730358,0.08088161165115433,-0.19586401838207002,0.08300516388859906,0.24113854517377092,0.04382634990437608,0.24147282938717843,-0.27965107517166554,-0.18064490087461424,-0.2037475236313484,-0.13465509464623737,-0.1533234506419864,-0.42994264504935503,0.3265395555401583,0.3277352692630182,-0.05512781161367661,0.07311091958614703,0.14337973270485627,0.011089825915162888
acc_z_dyn__katz_fractal_dimension,0.19452401671643818,-0.24532127888434208,0.11283775528827783,-0.10517159331392262,0.09447137276222602,-0.09608601098516538,0.030791928865127834,-0.047190057519693206,-0.10670905495263501,-0.10506139964039567,0.0913048183851492,-0.09782386758124947,-0.14708966281817054,-0.006012964152713312,0.2407565877028493,-0.45924998152062835,0.06740180232653636,0.21050871215463896,-0.20923806078747426,0.07218326469547393,0.023751907736086424,0.001306389855150976,-0.4406434255471274,0.45635356069875727,0.09323938780180954,-0.05916031191492765,0.09775909858690685,0.01677054700890484,0.008461852147046265,-0.055074961025663026
acc_x_dyn__approximate_entropy_0.9,0.19727943284531127,-0.2694815060032943,0.11296207882592951,-0.016689643586279793,-0.020737676624257403,-0.030237109573614904,0.0481493246691265,-0.09695665180802822,-0.09891103006398316,0.06768076786584681,-0.16710895295297623,0.27458526363126085,-0.01380217266132592,-0.16106885832659457,-0.07222587454559265,0.16588789239020274,-0.02450340908668807,0.04864991548376488,-0.12143373284938139,0.10370503128071176,0.0885056814539015,-0.2492082301909019,0.19043724251216326,-0.014785892785296672,-0.13077218511463934,-0.6896844675549668,0.21528340583994615,-0.031550165339038656,-0.09488151377621899,-0.042434905823123134
