,PC1,PC2,PC3,PC4,PC5,PC6,PC7,PC8,PC9,PC10,PC11,PC12,PC13,PC14,PC15,PC16,PC17,PC18,PC19,PC20,PC21,PC22,PC23,PC24,PC25,PC26,PC27,PC28,PC29,PC30
acc_y_dyn__quantile_0.3,-0.21002466200266254,-0.1367754220550939,0.11644185493194323,0.2224421455084982,0.09580066854802828,-0.30282320714139277,0.024830138235794434,0.30267879654443614,-0.07665065047844047,0.058758232540790094,0.055468875604652496,0.03883276757873473,0.06067976457568917,-0.021539133727305763,0.023071011145873347,0.029409005378652972,0.03510882537392946,0.040114758775362955,0.08342906153095514,0.04086273066534983,-0.04555924367139664,0.031068626057584644,0.03217814394577311,0.08019796600769198,0.3422277668050976,-0.2565130499593809,-0.6514557901844783,0.02728338301768899,-0.13959345304700954,-0.1097829739889005
acc_x_dyn__variance_of_absolute_differences,0.17825395495283375,0.15489994334164,0.1801227820549582,-0.06467063315332344,0.04643576129977221,-0.3133477992682555,0.07526990922698393,0.17692304580910162,0.3748354099939485,-0.16619464124168137,-0.20886324107898555,0.13325847274137512,-0.028038938199155806,-0.2777612438017939,-0.3370793016231927,-0.10768639281352206,0.40161058904830943,-0.14182423827944957,-0.12525180695162025,-0.2447488914313278,-0.13370820308156262,0.05910515117876254,0.001079885925749442,0.10436381455901321,-0.13994276235460415,0.0885300837211551,-0.0024073284282572667,-0.07674521108260926,-0.12208341563634911,0.012382794358302163
acc_z_dyn__harmonic_mean_of_abs,0.19963162098748916,0.13386365332411757,-0.04349289325012803,0.13750440922342264,-0.15988725363728784,0.10616461138613355,-0.08282526466487462,0.09647844715539228,-0.3083277718366399,0.3664517708316544,-0.12300259796960901,-0.18461145277586688,0.16812948090679825,-0.2529796522568983,-0.11653153876546976,-0.20200125051487827,0.33172639268078913,-0.011319902710250173,0.07944960667036022,0.4932127073829389,-0.27439558148201865,0.0171839942980317,-0.011366893260342261,-0.07047625281388123,-0.003991881111251392,0.04107042288455341,0.020398147611285555,-0.0021241674447819363,0.0005756652313832273,0.025726742088181195
acc_x_dyn__katz_fractal_dimension,0.198615157793812,-0.2466831088235091,0.15012066259258008,-0.09009227721488994,0.05594808015173173,-0.03321289404816015,0.04298243464415328,-0.10286787394581916,-0.1497075554438662,0.037207111866840496,-0.07256541251299373,0.17664910007730175,0.08088161165116371,-0.1958640183820684,0.08300516388859798,0.24113854517376973,0.04382634990436467,0.2414728293871812,-0.27965107517166593,-0.1806449008746126,-0.20374752363134796,-0.1346550946462454,-0.15332345064196332,-0.42994264504936003,0.32653955554016323,0.3277352692630154,-0.05512781161367981,0.07311091958614274,0.1433797327048525,0.01108982591516378
acc_x_dyn__cardinality,0.2065682418873969,-0.24450774816821103,-0.14651308269081334,0.13629030281293647,-0.13291785896084538,-0.04264324019510354,0.00986752766715704,-0.05532428679353802,0.05465749401356454,0.008737159762052195,0.03185879645242278,-0.0012331922071896258,-0.010926175140327994,0.0075086634474185576,-0.03924015106220647,0.012920607170474187,-0.046995268897861785,0.18328192953455558,-0.1012546894229734,0.09988235448256756,0.0931525819178486,-0.39987681965923516,0.44184169514911015,0.3420339847742716,-0.22151287725995705,0.4105557844900185,-0.2675959982673668,-0.04891368932380625,-0.003133878025947164,0.021067755108495564
acc_y_dyn__avg_amplitude_change,0.23564814927080988,0.11749542185521854,0.14439374701352897,-0.13271884437459494,0.062036411263209586,-0.018481752857304565,0.03184043785868223,-0.12925069436747733,-0.045973060214740305,-0.021010847639961926,0.3620001567949163,-0.06298617106089323,0.23879766791249488,-0.08470444872545367,-0.015384032171524939,0.019214285279895677,-0.1374797569839227,-0.03275982665378163,0.05063165468176661,0.008756042993939653,0.008109714354377691,-0.0014174753845880921,-0.12863531340467846,-0.1589902956894182,-0.345058485946821,0.021006378080664197,-0.18367560359850604,-0.10611880602507932,-0.17149977243824155,-0.6399189966665049
acc_x_dyn__approximate_entropy_0.9,0.19727943284531135,-0.2694815060032933,0.11296207882593137,-0.016689643586279137,-0.02073767662425751,-0.0302371095736145,0.04814932466912714,-0.09695665180802782,-0.09891103006398384,0.06768076786584763,-0.16710895295297615,0.27458526363126046,-0.01380217266131719,-0.16106885832659432,-0.07222587454559298,0.1658878923901994,-0.024503409086689902,0.048649915483764156,-0.12143373284938257,0.103705031280709,0.08850568145390146,-0.2492082301909024,0.1904372425121681,-0.014785892785278195,-0.13077218511464028,-0.6896844675549637,0.21528340583995612,-0.031550165339035256,-0.0948815137762178,-0.042434905823124286
acc_y_dyn__variance_of_absolute_differences,0.1938857239089147,0.16222161007241573,0.28474117528918175,-0.1026668956089472,0.0073462570659945155,-0.08776711315311632,0.061117410295335045,-0.16771776555975512,0.10849889020380929,-0.017943518129444114,0.4371081850375623,-0.02840567802248899,0.30868159835199954,-0.06539132493066345,0.030951472871633974,0.10145584528449694,-0.04606610836136691,-0.37676989989875004,0.03099770424582917,0.13318674812250375,0.011664581944373004,-0.1756096246787688,0.11698496568995224,0.2051815705072673,0.3598801234547534,-0.02510016085373662,0.08380484884673198,0.06872998215667002,0.08872371712329385,0.3012923948438604
acc_x_dyn__quantile_0.9,0.23362889978935317,0.13327502643234665,-0.19514965551172841,0.01669012525642943,0.0338561325171509,-0.0978472512189719,0.0017603789646786054,0.16360329242305763,-0.07040068789862677,-0.14889836556567693,-0.04441723815604315,0.09541156345356509,-0.11602962720311227,-0.01349718302678454,-0.12418330099399146,-0.03802912247282283,-0.3981743265600173,0.02619711190259787,-0.05438527111729916,0.20295045019022848,0.06388778547829785,0.03341533874020559,-0.022334242898188375,-0.09965476598773948,0.29765907175574724,0.14523849020021828,0.15357387825926172,-0.19872906623341413,-0.6199025552228089,0.08385437815566939
acc_z_dyn__katz_fractal_dimension,0.19452401671643813,-0.2453212788843413,0.1128377552882797,-0.10517159331392148,0.09447137276222507,-0.0960860109851666,0.030791928865128097,-0.047190057519692685,-0.10670905495263511,-0.10506139964039489,0.0913048183851503,-0.09782386758125061,-0.147089662818175,-0.006012964152713992,0.24075658770285513,-0.4592499815206227,0.06740180232652616,0.21050871215464356,-0.20923806078747487,0.0721832646954762,0.023751907736087877,0.0013063898551568956,-0.44064342554714797,0.4563535606987387,0.0932393878018069,-0.059160311914923734,0.09775909858690487,0.01677054700890796,0.00846185214704916,-0.055074961025662755
acc_x_dyn__quantile_0.3,-0.2179843660385785,-0.1182197578866371,0.23845226610465045,-0.07915842580221344,-0.3512793309985623,0.0463489702599134,-0.04147600639347691,-0.03391980020176104,0.04995332351339506,-0.027470996174878488,0.04168735434654966,0.015199092087106276,-0.04285181118298187,-0.10022989392665313,-0.13379991395558555,-0.08750696627682288,0.021387376461116506,0.006902959597340546,-0.05975321579310144,0.14488263316619845,0.3080850036526758,0.037129459694689705,-0.0740297653797933,-0.11879377049014524,0.10484006989405718,0.0429103940709502,-0.0655501294791542,-0.7129055826470071,0.193217759170207,0.02555901743151417
acc_z_dyn__quantile_0.6,0.1687710658234131,0.13554098434975823,0.15463970626322374,0.4283787311286237,0.0637672341199097,0.275730177700971,-0.06073361202980129,-0.04929346895091556,-0.20420583913278906,-0.07768454490029333,-0.16664910010038886,-0.17267646027745878,0.15802346666854925,-0.2727189828623682,-0.06991730893658508,-0.16734655481796903,-0.08435275497127327,0.07450064642964307,0.1551945004588046,-0.4671502631898706,0.3318325838995971,-0.010352466876885052,0.09260072724818554,0.09001575721031906,0.18190608573325548,-0.019258866380991505,0.04435812820375884,-0.005582992173134064,0.02384563177595008,-0.06356626679983213
acc_x_dyn__max,0.23113824822682072,0.13043130824797977,-0.17739588022174627,0.0282301792729751,0.05017396875070453,-0.15146634432298053,0.026542973153431307,0.13084391629031794,0.03286447476318395,-0.11557020445818855,-0.05601901416184441,0.11355044755000161,-0.14683193523005902,-0.13198996750579403,-0.27730209359430164,-0.1273271699120671,-0.40902857385404834,-0.06209390673451426,-0.06400655929444073,0.20621799416172912,0.07963605574530959,0.0970120475781051,-0.0438079685631387,-0.05823723688159649,0.02471733741265052,-0.06679640343981258,-0.12567266800294574,0.1700622688702417,0.6280246600023883,-0.09168008931192806
acc_y_dyn__quantile_0.4,-0.14623253094502045,-0.08162150816717342,0.20661877104666235,0.41451380782254355,0.07555964051722437,-0.2952276679835542,0.0014553293269180222,0.34682081455211416,-0.24305178300619668,0.13111255243536862,0.39846213868553265,0.2011908362574143,-0.07231612393455772,0.0269709174343798,-0.043374153862033415,0.003968700527775579,-0.028415673471016846,0.015469004413313798,-0.00469174169283912,-0.05593774694742524,0.01138680631074172,-0.012036261961638772,-0.006678756548343104,-0.05359745804633145,-0.23711155507931247,0.1646129076031555,0.40184220661586484,-0.01411879008404107,0.08085452635753694,0.04465480587923871
acc_z_dyn__lower_complete_moment,0.15883771182334042,0.19234796325845652,0.268907825777574,0.3299082544331054,-0.17181719378716817,0.18913935640318133,-0.07142503293206225,-0.0157008686554684,-0.010622044412486166,0.11455344341102369,-0.1238252512022897,-0.024080948185117333,-0.23788703402526887,0.33413543158756487,0.09638948854772604,0.1142782531527058,-0.08266573741608849,-0.3308904301689274,-0.538144484028789,-0.02519996493276072,-0.13914336909102437,0.03315208972794009,-0.06514992915702635,0.05385728150624077,-0.03631440619835172,-0.030199761803765775,-0.14936663540562983,-0.03352139197261806,-0.029959917085134947,-0.07429582150753399
acc_z_dyn__variance_of_absolute_differences,0.16436942753179015,0.1660790521212605,0.3666482135493534,0.03720660758554944,-0.09659874141001286,-0.1641691891125108,0.028508531452070475,0.05838031787971651,0.39784996105543763,0.22328462069764476,-0.2044650342469562,-0.02809241510714767,-0.15281921587804137,0.17314854703381957,0.2751589385034386,0.016411944585636724,-0.04210825993349395,0.3163915071758004,0.32209501461387097,0.16026411060010246,0.06746218047046523,-0.018004833972639946,0.13670661888418656,-0.056389861121984027,0.166606770034451,0.06045605536461909,0.18226307610011863,0.061163163608389505,0.06121729315321705,-0.2426073073923779
acc_x_dyn__harmonic_mean_of_abs,0.21658026081228612,0.13295928077155325,-0.16203620950000666,0.049668534720722,0.10215451634121682,-0.0642326736311872,0.003034155722998949,0.19114533302265244,-0.10501553751287156,-0.26495892689421024,-0.009761481457140734,-0.016744450946879298,0.059079519867980934,0.1485224949268424,0.22395336455711337,0.26889219586637253,0.46416789242650314,-0.02872655482375746,-0.09888496583530347,0.20126032099694077,0.5730227822244277,-0.0021617431322138304,-0.08380930178597613,-0.13098542081791528,-0.021939270845413257,0.012983055396239784,-0.03232819714247612,0.046899542686940146,0.054530518219205557,0.0005333656006559562
acc_z_dyn__sum_of_absolute_changes,0.2443954220827663,0.13974108279216466,0.16563940413945136,-0.03642247273106639,-0.0031602260039080457,-0.0684289198077613,0.009477513758830682,0.02055785232149322,0.008585667314892647,0.12205682066411622,0.014482987085787692,-0.03911670652073153,0.004836564003986612,-0.0060335946005335905,0.15139672535506005,-0.05999549301905604,-0.18021106221391833,0.2012048829994342,0.13450368803190837,-0.09836395642836114,0.058486452564038977,0.011581880048296916,-0.20242323199271142,-0.18406874647093477,-0.402208958237922,-0.11185517001288767,-0.3217912098257822,-0.053503458065930654,-0.054319406205070954,0.6170087730168979
acc_x_dyn__approximate_entropy_0.1,0.13328920633090952,-0.17762385994088645,-0.2982429218895604,0.26783739180981486,-0.25020803832448535,-0.01668031802184791,-0.036767191143286485,0.026211530758432317,0.35680462657496353,-0.007762957750692348,0.3243404416626236,-0.38090412202959245,-0.28165664671805946,-0.36742228440036667,0.1475223171989614,0.19610762655225183,0.03861360664634146,-0.01067495721795717,-0.012371125604122213,-0.08682239233924204,-0.08465273038743147,0.05047999504280216,-0.08974286949938838,-0.12110298733965343,0.04994020734803851,-0.15791308015310482,0.05407721701242375,0.0005725627602578552,-0.028024284638672563,0.0009974073025170256
acc_y_dyn__katz_fractal_dimension,0.17489633041814825,-0.27194316016138037,0.16008128762248697,-0.09016307858432562,0.12130092703255618,-0.040785224410485675,-0.017980753599886316,0.028013236125637758,-0.010041318773888207,-0.01766623470603981,0.08303251793864305,-0.404719563576825,0.14264190609729066,0.250303540175014,-0.2931148239943863,0.06250563159655917,-0.00040027378791273113,0.21682575345489616,-0.20013357269694715,0.017885812637684236,0.011907774065458182,0.5379378240066482,0.32641867099240884,-0.0486892712694243,0.008363544228775902,-0.05635769968793042,0.0636642479985481,0.018626634593562275,0.00578920176942578,0.08237090191713103
acc_x_dyn__quantile_0.6,0.17383694802173214,0.10319061472812192,-0.010118478971691613,-0.13415739412310332,-0.36674808389305424,-0.025324930870199894,-0.09256298337881944,0.31744584503743517,-0.2727471997788699,-0.44920596642959165,-0.020427093906330306,-0.01762517619571489,0.09523183434862798,0.12005954659848397,0.1817892443899955,0.15739143883333725,-0.027059880131939586,0.10365523965269122,0.17598478807909873,-0.1628321415647226,-0.3978586423265962,-0.012690532811918086,0.1033943947898512,0.1480316536580279,0.0001374151220389085,-0.10737557175103384,0.057228373842496134,-0.19471888214400385,0.15702751009822208,-0.030711303767354058
acc_y_dyn__harmonic_mean_of_abs,0.1966733000604191,0.14491522170706597,-0.03670877934096529,0.023286335030531468,-0.08819926916388608,0.21385011987641714,-0.020117813272809433,-0.22416561915343536,-0.08283325320818331,0.009589967533990251,0.38034954040032964,0.3488882368973992,-0.3903951535713898,0.21120194219047675,-0.33469097650918633,-0.029825559980946048,0.29822831832113283,0.2420929627450076,0.20205868615944095,-0.08066934898919102,-0.03239279604546956,0.07322594927603546,0.016364970189412572,0.007528440330082765,0.15865617793606618,-0.0747507616066502,-0.1265781626453537,0.04407735076153531,-0.02090925634850434,0.01474502190547748
acc_z_dyn__approximate_entropy_0.1,0.1423690079240951,-0.184878074425261,-0.25243580891124673,0.271422755307381,-0.2643557432025655,0.02780079206750486,-0.028484279378968462,-1.2405781830554147e-05,0.32115173156074167,0.05636469021593219,0.010222554607395937,0.35562613962050943,0.5673558575008446,0.2653391561768935,0.026847476774409417,-0.2188993773415585,0.000722309081270898,0.025523215127535078,-0.024594810801678402,-0.061566146221080705,-0.007893291961870403,0.14744599963474198,-0.16381881389182162,-0.05393284898976357,0.03718480856723062,-0.05621527997879346,0.04138724837939653,0.0035601984314911875,-4.601832632571765e-05,-8.226108797979747e-05
acc_x_dyn__sample_entropy,0.1725640158561523,-0.29969201222576114,0.07966948403178332,0.00803763839488519,-0.025600336832172322,0.06575439290443523,0.012414354620967207,-0.0787901565038851,-0.0964391172326864,0.0901584564825364,-0.14806409495446132,0.2614681744010248,-0.09131765775926712,-0.19027791407147812,0.11474485868707805,0.34241081924230166,-0.06107055519029188,-0.26899500317976327,0.31823033352734287,0.07063518430926075,0.06005250387479764,0.48888003909333577,-0.11290649278819873,0.30201348462389693,-0.07988128783079852,0.2039192826701928,-0.04753306720221593,-0.008456163698624744,-0.027564998861710127,0.002661479799939461
acc_z_dyn__quantile_0.4,-0.13844343931208083,-0.05873505061666643,0.23540830515715933,0.3904558666405895,0.23098646691062116,0.20430781096839126,0.03138545491470966,-0.2062897068515193,0.16640074705494726,-0.5704258689651212,-0.038716928828079644,0.031267182051252666,0.04193743712091954,-0.05432410367074516,-0.022733652854004787,0.039357850843621006,0.005225524335990298,0.1375751001426226,0.0872886742125532,0.39438368892260534,-0.2371342013600421,-0.009314128823064982,-0.06326935110538169,-0.0795048251033085,-0.11295532478083976,0.01677075113759171,-0.01716533073199446,0.007805945226445586,-0.013577867859147785,0.07881031415084601
acc_x_dyn__quantile_0.4,-0.16427449963434818,-0.08416754634195402,0.2652972951805311,-0.1328992742318121,-0.5690436617699922,0.0447661873617921,-0.09037393356096995,0.0967627104763836,-0.05264555664175057,-0.19656872347503307,0.018302379944547774,0.0014810881807078707,-0.007096587483189768,-0.1118341584023266,-0.137989791131512,-0.07973119253318946,-0.05798163174021255,0.004068557764827619,-0.04617743048709471,0.07143052675036515,0.2168461558380058,0.0045911834785939,-0.054266366389977186,-0.08018767654614564,-0.05691261481884495,0.06928332406929183,-0.02924422939135544,0.5840785850529785,-0.194280478306686,0.004208831102038454
acc_y_dyn__sample_entropy,0.15263685968857388,-0.31980428539326816,0.06207988476579535,0.009759831803714614,0.058059609838359345,0.029162206063599483,-0.06748247990333045,0.1442590156396056,0.03856671161073304,0.02151931987572861,-0.12594169103805786,-0.2741830098715557,-0.027285398300951023,0.3349253360138146,-0.4087784249154136,0.13712313692460013,-0.006442308675811597,-0.20537617188064172,0.32377310086928357,-0.041096287376326916,-0.002111197909921591,-0.38715136728001565,-0.38301646545899426,-0.03426301165824419,0.028696597821612928,0.025835450778854598,0.027679165085288664,-0.007014527843290885,0.014121125213022091,-0.00844329867121477
acc_z_dyn__sample_entropy,0.17092498148906862,-0.3003947872655159,0.04430164171281618,-0.03297858637568069,0.05699098221533636,-0.0022592589860141645,0.015909819157015694,-0.0012122895423343713,-0.06496944508245628,-0.15240246624763595,0.011079343418509533,0.036400026638588934,-0.20458769632672963,0.08612043636436996,0.25922020615578956,-0.486330646985654,0.08442062504226418,-0.4270746956165166,0.17222822975276414,-0.0483410633235122,-0.032375787541024006,0.004373240125588141,0.3316190302000204,-0.3938863592813804,0.00634511446938116,0.024824855153041003,-0.06051045204113865,-0.0019923670279921937,-0.009108690179539943,3.319983903744034e-05
acc_y_dyn__tsallis_entropy,0.04495207408154871,-0.07655856420420758,0.0975171871004065,-0.2027609888300029,0.24471039483399237,0.58437394030012,-0.2574836468400285,0.5598962303348255,0.24874001540469348,0.0851170949384017,0.15878741863631646,0.15710852156550567,0.012240750276001574,-0.13141593601348506,0.059769273233373936,-0.01680306233984308,-0.029943553629706778,0.04688748523647968,-0.08037295550456387,0.04327506604491644,0.005761002545800605,-0.04832786004580986,0.05541120254252293,0.04771556632535849,0.0015098307147842491,-0.002211036789952274,-0.02831524944946357,0.0019142938964854708,0.009691148636042984,0.0009959316629625542
acc_x_dyn__harmonic_mean,0.00014642779867489494,-0.013953484247316397,0.003186002381681159,0.000504766201666691,-0.09541939952494366,0.26236873617953876,0.9342884597017549,0.21068766582553383,-0.01240220015692105,0.02636359618992567,0.021205573236799804,-0.04564884014634415,0.0022741605531730186,0.021446065647244588,-0.01829005908986776,-0.007889581949987413,-0.005346636351270159,0.007291496341696546,-0.0010223069192527314,-0.004000225871601132,-0.005966452975244157,0.0018969550810261308,-0.012232072358994673,0.0034972355828538117,0.0013242774406408645,0.004293324937440131,0.0013212618016479045,0.0006819802246477573,0.001217788339995016,0.0006961524864323177
