,ppg_infra_mean,ppg_infra_std,ppg_infra_min,ppg_infra_max,ppg_infra_range,ppg_infra_median,ppg_infra_iqr,ppg_infra_mad,ppg_infra_skew,ppg_infra_kurtosis,ppg_infra_diff_mean,ppg_infra_diff_std,ppg_infra_diff_mean_abs,ppg_infra_diff_rms,ppg_infra_signal_rms,ppg_infra_signal_energy,ppg_infra_zcr,ppg_infra_p1,ppg_infra_p5,ppg_infra_p10,ppg_infra_p90,ppg_infra_p95,ppg_infra_p99,ppg_infra_p90_p10,ppg_infra_p95_p5,ppg_infra_p99_p1,ppg_infra_trim_mean_10,ppg_infra_mean_abs,ppg_infra_rms,ppg_infra_crest_factor,ppg_infra_shape_factor,ppg_infra_impulse_factor,ppg_infra_clearance_factor,ppg_infra_mean_cross_rate,ppg_infra_tke_mean,ppg_infra_tke_std,ppg_infra_tke_mean_abs,ppg_infra_tke_p95_abs,ppg_infra_dx_mean,ppg_infra_dx_std,ppg_infra_ddx_mean,ppg_infra_ddx_std,ppg_infra_dx_kurtosis,ppg_infra_ddx_kurtosis
ppg_infra_mean,0.0,0.010254705086927407,0.0770634270688431,0.0955521999811915,0.00958581579850173,0.5835132255805431,0.0038769483192466424,0.005972053709500746,0.09891739934011076,0.011499805671595652,0.00952665635699166,0.01025285418661267,0.01020150870041773,0.010103565296341861,0.010875268622750327,0.002623346352569686,0.0014032901739935086,0.08135048936980427,0.09667841600073054,0.12221958184134958,0.1406436480149056,0.12276745067196826,0.09995762163655217,0.012077244745244265,0.015384977172519949,0.009870058128338511,0.9550861317107765,0.008690526204212177,0.010875268622750327,0.010283180499294583,0.0008462111044184175,0.008410537047220966,0.0018649813921574024,0.0031236488911427903,0.003930991328588994,0.0012109523523121618,0.003930991328588994,0.009073699030003666,0.00952665635699166,0.01025285418661267,0.39479030684452776,0.01168557336797138,0.004053733069729916,0.000611717719771606
ppg_infra_std,0.010254705086927407,0.0,0.9548844422346764,0.9637080004003408,0.9864977076976872,0.06911116455688802,0.9607449948670537,0.9552574633691422,0.11046611424551234,0.00548102976764658,0.014637786011839878,0.9276589792560097,0.9345309295226045,0.9283470649459021,0.9998680996339065,0.9292997117543613,0.15563204945115688,0.9586397719491822,0.9716548604210676,0.9691902195642034,0.973109606856319,0.9734283126582545,0.9665466098110925,0.9933710545559922,0.995798278372282,0.9888164280601273,0.01195966815475203,0.9953908496000755,0.9998680996339065,0.1316978225022324,0.0959680369673605,0.08051044513062998,0.004538164036088187,0.13766997401290487,0.7534466998759297,0.69594241134643,0.7534466998759297,0.9095820888132127,0.014637786011839878,0.9276589792560097,0.006678017583580686,0.8609461916817894,0.2922988397882907,0.4524590297976981
ppg_infra_min,0.0770634270688431,0.9548844422346764,0.0,0.8912409079356876,0.9723801692458972,0.027774028328290987,0.8826154741425108,0.8815598904044154,0.028465294639958883,0.06648595584550551,0.027900138277931003,0.9260370046301928,0.9200429394797335,0.9266228076689577,0.9546182360391917,0.8847790029894365,0.13406860288411748,0.9983400770660897,0.9745256743017341,0.9339645499443132,0.895987342583426,0.8945592745272978,0.8924110499525779,0.9354909083152007,0.9561354502402993,0.9709333687255083,0.009340620962103599,0.9377232534737532,0.9546182360391917,0.2111335588626074,0.15079757569262642,0.13790476244062377,0.0023964213614618528,0.11751737741375867,0.7722324969390584,0.7337391595245223,0.7722324969390584,0.911012272799568,0.027900138277931003,0.9260370046301928,0.045459580292470464,0.8675881922269539,0.334035662351837,0.46968761885702237
ppg_infra_max,0.0955521999811915,0.9637080004003408,0.8912409079356876,0.0,0.9724801450345156,0.0981343245136012,0.8978709768438836,0.8938356888199902,0.22644491984613294,0.04067129783655352,0.0009681439383558175,0.9193262257266244,0.9175806222834454,0.9200264926848861,0.9634308749102928,0.8858165976700098,0.14134751793621814,0.8942802165099748,0.9037113953293691,0.9012678954841511,0.9509352529863304,0.9785399787085828,0.9986040968270746,0.947755823215645,0.9643070332733522,0.9723921731532462,0.044312448207064606,0.9496165724245221,0.9634308749102928,0.1892517758737823,0.13068174993924442,0.11702421991672471,0.004821790827329985,0.1239340653090102,0.7562696268194481,0.7066200007994695,0.7562696268194481,0.9059491594785026,0.0009681439383558175,0.9193262257266244,0.041252048502570283,0.8627851448172101,0.3137309293859165,0.45943185517903734
ppg_infra_range,0.00958581579850173,0.9864977076976872,0.9723801692458972,0.9724801450345156,0.0,0.06477135710908595,0.9154899161406955,0.9128709439499203,0.10191347843164844,0.055085793213649516,0.013834509152898687,0.9488378847894404,0.9448602877907096,0.949499203367175,0.9862183347178899,0.9103977462038402,0.14161562799434613,0.9730915757144045,0.9657113515209025,0.9436169375083402,0.9496680121115657,0.9631407579999703,0.9723628847227314,0.968325382929381,0.9874486541390164,0.9992114818393623,0.01800632452673418,0.9704297818831936,0.9862183347178899,0.20585836079291187,0.14472058951803468,0.1310686961466168,0.0012503837308106053,0.12415141885290164,0.7859113444450916,0.7405852450257203,0.7859113444450916,0.9342351270895116,0.013834509152898687,0.9488378847894404,0.0021235562600248497,0.8897137503371146,0.3330565217808639,0.47772596156102076
ppg_infra_median,0.5835132255805431,0.06911116455688802,0.027774028328290987,0.0981343245136012,0.06477135710908595,0.0,0.06988032181868178,0.05369117481155599,0.251659699793048,0.007245562357437153,0.020525869927444738,0.06541193478435631,0.06210230401947917,0.06555665017618549,0.06872733635555642,0.06461894377974058,0.00820507034097294,0.0262809824675307,0.02085811485595769,0.039593296212023454,0.08791073113310918,0.10042365149256444,0.10035408963389664,0.0656961270933181,0.06282555605127063,0.06516949851371417,0.6060331546657816,0.0714077604102867,0.06872733635555642,0.0023622914009790367,0.005063082848959122,0.0025032480807996977,0.000343472833721559,0.008250623093791189,0.07036445746259695,0.07575012806899653,0.07036445746259695,0.06892048307549678,0.020525869927444738,0.06541193478435631,0.20066789729429532,0.06467516433179744,0.02573346171130937,0.0070921681524358324
ppg_infra_iqr,0.0038769483192466424,0.9607449948670537,0.8826154741425108,0.8978709768438836,0.9154899161406955,0.06988032181868178,0.0,0.9880008284629299,0.11280777212076977,0.09858298099061792,0.01810243550742433,0.8650416198804625,0.8881502622861599,0.865714155344278,0.9606630914857307,0.9067952121697397,0.15903328408121475,0.8877433793919356,0.917027626325374,0.9427973222687055,0.9381185526100209,0.92004267543749,0.9015125289357242,0.9618912208300925,0.9405127587040065,0.9190107533363594,0.0027556678122179286,0.9795178381640716,0.9606630914857307,0.021898677168680505,0.008941096854464382,0.0036282960303503317,0.008692415018933372,0.13991018323848395,0.6952853325688759,0.6244196820568655,0.6952853325688759,0.841071388892763,0.01810243550742433,0.8650416198804625,0.0053384307121472465,0.8010171536307082,0.22367307391270638,0.3914177655251853
ppg_infra_mad,0.005972053709500746,0.9552574633691422,0.8815598904044154,0.8938356888199902,0.9128709439499203,0.05369117481155599,0.9880008284629299,0.0,0.10889433415461469,0.0947194381456164,0.0137034062160813,0.8668938509591891,0.8913867546845397,0.8675081399230019,0.9548951832947343,0.9009639966989509,0.15173739216227608,0.8868867413775352,0.9166440655972472,0.9413534375170641,0.9327030423852595,0.9152466926727008,0.8973299261705727,0.9583430756217689,0.9378203084533067,0.9164167835402017,0.00019471518894756794,0.9723946360453508,0.9548951832947343,0.02546350250496759,0.006856647878248219,0.0014389322533151531,0.008546554342943595,0.13208256337321117,0.6967960308420723,0.6271536452063597,0.6967960308420723,0.8403592706585763,0.0137034062160813,0.8668938509591891,0.0023070969960996062,0.8045766311661121,0.22124971984786326,0.3858884917860569
ppg_infra_skew,0.09891739934011076,0.11046611424551234,0.028465294639958883,0.22644491984613294,0.10191347843164844,0.251659699793048,0.11280777212076977,0.10889433415461469,0.0,0.21947421797007244,0.005794218002327245,0.08877903876417167,0.09328421632923938,0.08897102467153077,0.11064955155947068,0.08940658131064805,0.03619574050237386,0.02605954882612619,0.002584007305388247,0.04974180098715232,0.17246556431781812,0.2089235517486481,0.22643161496236275,0.11488080375435555,0.11018849624058323,0.10335003611451259,0.038377210302235155,0.11324770706072437,0.11064955155947068,0.2017496192225338,0.21385139430438838,0.2495862830649901,0.22749959420227608,0.025418316734312156,0.06534653362818106,0.05347973322537876,0.06534653362818106,0.08828353330555423,0.005794218002327245,0.08877903876417167,0.04915401747607608,0.08612928366207,0.11850168477044036,0.058997866855627364
ppg_infra_kurtosis,0.011499805671595652,0.00548102976764658,0.06648595584550551,0.04067129783655352,0.055085793213649516,0.007245562357437153,0.09858298099061792,0.0947194381456164,0.21947421797007244,0.0,0.015255867593118902,0.0476070651072367,0.005788017251522193,0.0480796017385625,0.005410338011919965,0.03287542992280047,0.0038050362606616684,0.05691156598881346,0.0050009913824792035,0.04731846565418752,0.044468968951754576,0.007682960245240519,0.033604735613659134,0.046913174438731546,0.0014902903199862827,0.04645018616909794,0.005351171000135219,0.043416687820789536,0.005410338011919965,0.6886019045137294,0.8438255634086989,0.9095329730538138,0.6591406901672694,0.004582579236278128,0.024395908066421276,0.062386486353154046,0.024395908066421276,0.049317078451247914,0.015255867593118902,0.0476070651072367,0.003408250338052311,0.04900654204614498,0.6081548139089908,0.4075380131156572
ppg_infra_diff_mean,0.00952665635699166,0.014637786011839878,0.027900138277931003,0.0009681439383558175,0.013834509152898687,0.020525869927444738,0.01810243550742433,0.0137034062160813,0.005794218002327245,0.015255867593118902,0.0,0.021908839152216652,0.023170936252803132,0.0221509901252433,0.014353172642673025,0.007417210769823682,0.004109495592140337,0.025479209617931743,0.018954632557822912,0.003399611598142534,0.015217827994028025,0.011264511784594842,0.0030932299544798197,0.00964069452264527,0.015399543444554005,0.014636539032774431,0.013008433561062727,0.01492383437789469,0.014353172642673025,0.018902950565183783,0.007830629917221376,0.01508090328967745,0.00951878406922326,0.0035674839672531745,0.019666009551824033,0.018624433385913387,0.019666009551824033,0.02610612186195756,1.0,0.021908839152216652,0.07180956515599557,0.02289648578759238,0.014172058097224254,0.030516082294958006
ppg_infra_diff_std,0.01025285418661267,0.9276589792560097,0.9260370046301928,0.9193262257266244,0.9488378847894404,0.06541193478435631,0.8650416198804625,0.8668938509591891,0.08877903876417167,0.0476070651072367,0.021908839152216652,0.0,0.9909534184616464,0.9999898031507459,0.9268766356559706,0.8478380747508067,0.08759016267527438,0.9231037621883668,0.9054381247195896,0.8842022964257612,0.8935347557932917,0.9047321703165387,0.9161430227291684,0.909264988455734,0.9267069478512117,0.9446509630725638,0.023253641345830623,0.9132423177674044,0.9268766356559706,0.20074104282082855,0.1262519139228886,0.12331072156073074,0.000571715960502799,0.06863276052657913,0.8988153273152444,0.8535170194677207,0.8988153273152444,0.9891233574932987,0.021908839152216635,1.0,0.001296366281940619,0.9752533071806941,0.33894077975581927,0.43825544121614934
ppg_infra_diff_mean_abs,0.01020150870041773,0.9345309295226045,0.9200429394797335,0.9175806222834454,0.9448602877907096,0.06210230401947917,0.8881502622861599,0.8913867546845397,0.09328421632923938,0.005788017251522193,0.023170936252803132,0.9909534184616464,0.0,0.9909946858775488,0.9337729663607112,0.8622016458155352,0.0849714731184795,0.9187212457673483,0.9126855847691796,0.899129882181586,0.9037096988717427,0.9094735852743835,0.9154630154604052,0.9220549305053815,0.932821463174759,0.9420571751336482,0.019750799347895833,0.9266619802116077,0.9337729663607112,0.15895593319015733,0.0874972388638493,0.08786494028378694,0.004822310538996279,0.0644343199629484,0.8822395231248323,0.8089815587713142,0.8822395231248323,0.9753065194934396,0.023170936252803132,0.9909534184616465,0.004685213342746874,0.9571303901815772,0.2675087689496803,0.3872077857181756
ppg_infra_diff_rms,0.010103565296341861,0.9283470649459021,0.9266228076689577,0.9200264926848861,0.949499203367175,0.06555665017618549,0.865714155344278,0.8675081399230019,0.08897102467153077,0.0480796017385625,0.0221509901252433,0.9999898031507459,0.9909946858775488,0.0,0.9275664316619349,0.8482802021822736,0.08804563633049835,0.923697033052436,0.9060780774290513,0.8848549877537617,0.8941410853050566,0.9053434914744556,0.9168379778130439,0.9099084089791653,0.9273472705957834,0.9453127896555618,0.0230433199887714,0.9139134015976296,0.9275664316619349,0.2013256860066253,0.12665456865195052,0.12374861346502077,0.0006066832646499466,0.06907754122841403,0.8983369717692483,0.8529931098890177,0.8983369717692483,0.9891244105311554,0.022150990125243297,0.9999898031507459,0.001402357968098623,0.9749911788458341,0.3391682626890287,0.4387362077844949
ppg_infra_signal_rms,0.010875268622750327,0.9998680996339065,0.9546182360391917,0.9634308749102928,0.9862183347178899,0.06872733635555642,0.9606630914857307,0.9548951832947343,0.11064955155947068,0.005410338011919965,0.014353172642673025,0.9268766356559706,0.9337729663607112,0.9275664316619349,0.0,0.9286961816398778,0.15638707698848733,0.9583926445949446,0.9714737047359414,0.9689336481984359,0.9730038863911565,0.9731888980064161,0.9662991284752035,0.9931872947042156,0.9955824295387923,0.9885623894772159,0.012695383380924692,0.9954700680136762,1.0,0.13181730654001697,0.09677026616637706,0.08086841987392468,0.00454035713444364,0.13844000000712767,0.7518028120060467,0.6943838476716212,0.7518028120060467,0.908805172604869,0.014353172642673025,0.9268766356559706,0.006117913202982597,0.8599261254754469,0.2928468441941399,0.4531435813438267
ppg_infra_signal_energy,0.002623346352569686,0.9292997117543613,0.8847790029894365,0.8858165976700098,0.9103977462038402,0.06461894377974058,0.9067952121697397,0.9009639966989509,0.08940658131064805,0.03287542992280047,0.007417210769823682,0.8478380747508067,0.8622016458155352,0.8482802021822736,0.9286961816398778,0.0,0.11148465440868544,0.8889130519304935,0.9046860288705124,0.9072914875008001,0.9081023265457601,0.9024085165951565,0.8893207057354284,0.9284373544979532,0.925117794507516,0.9133265425987173,0.0074712757598717925,0.931699256328807,0.9286961816398778,0.05863491591394294,0.0360504818309832,0.029831109841273813,0.005047358249759995,0.09712906304374604,0.7771420236146912,0.7103143700242267,0.7771420236146912,0.8220431968749083,0.007417210769823667,0.8478380747508067,0.007697848775803436,0.8037541796417405,0.19276323725534258,0.32800664632630877
ppg_infra_zcr,0.0014032901739935086,0.15563204945115688,0.13406860288411748,0.14134751793621814,0.14161562799434613,0.00820507034097294,0.15903328408121475,0.15173739216227608,0.03619574050237386,0.0038050362606616684,0.004109495592140337,0.08759016267527438,0.0849714731184795,0.08804563633049835,0.15638707698848733,0.11148465440868544,0.0,0.13635629097076757,0.14675088971074096,0.15393735266457492,0.15215197036128053,0.14973365319131585,0.14341035501395322,0.15652224772579232,0.15181231143780313,0.1437042640116369,0.003702832819351321,0.15882651089799493,0.15638707698848733,0.06979998396996152,0.025066644620574674,0.034845073061745974,0.009003137260797597,0.9383617517673715,0.02695879901555211,0.03034724978505393,0.02695879901555211,0.0869561546494364,0.004109495592140336,0.08759016267527442,0.006818555230653764,0.06415216292720839,0.10560016707872313,0.15582876311228838
ppg_infra_p1,0.08135048936980427,0.9586397719491822,0.9983400770660897,0.8942802165099748,0.9730915757144045,0.0262809824675307,0.8877433793919356,0.8868867413775352,0.02605954882612619,0.05691156598881346,0.025479209617931743,0.9231037621883668,0.9187212457673483,0.923697033052436,0.9583926445949446,0.8889130519304935,0.13635629097076757,0.0,0.9808312923063567,0.9406802539748728,0.8982947861922899,0.8969129347421488,0.8953784821018566,0.9400610072618184,0.9605320171566922,0.9733123017624575,0.015260365828485226,0.9420941399403847,0.9583926445949446,0.20046477317270048,0.14488852285179646,0.12905816532053152,0.001866819610043985,0.11974796283781972,0.7662701100314003,0.7256589429381062,0.7662701100314003,0.9077836292865237,0.025479209617931743,0.9231037621883668,0.050109608195251155,0.862089674026875,0.3255312233602498,0.46372773946673307
ppg_infra_p5,0.09667841600073054,0.9716548604210676,0.9745256743017341,0.9037113953293691,0.9657113515209025,0.02085811485595769,0.917027626325374,0.9166440655972472,0.002584007305388247,0.0050009913824792035,0.018954632557822912,0.9054381247195896,0.9126855847691796,0.9060780774290513,0.9714737047359414,0.9046860288705124,0.14675088971074096,0.9808312923063567,0.0,0.9768983710888283,0.9100083732632477,0.9077043280574142,0.9050507471563091,0.964326766506064,0.9757925908302604,0.9684846124463024,0.05521298604988166,0.9619646992981811,0.9714737047359414,0.14036709722544702,0.1106573765503507,0.08768080373056598,0.005807009128883306,0.12939998630791913,0.7355247701429942,0.6756271331989202,0.7355247701429942,0.8889021525164064,0.018954632557822912,0.9054381247195896,0.053260981120845534,0.8354041498222616,0.2779382904293966,0.43706969116228045
ppg_infra_p10,0.12221958184134958,0.9691902195642034,0.9339645499443132,0.9012678954841511,0.9436169375083402,0.039593296212023454,0.9427973222687055,0.9413534375170641,0.04974180098715232,0.04731846565418752,0.003399611598142534,0.8842022964257612,0.899129882181586,0.8848549877537617,0.9689336481984359,0.9072914875008001,0.15393735266457492,0.9406802539748728,0.9768983710888283,0.0,0.9116409663147717,0.9079256471872551,0.9028726595207222,0.9767595206707911,0.9642946737323136,0.9468093694121413,0.1218048672315562,0.9699015081864638,0.9689336481984359,0.08318576551013464,0.06122594240600086,0.044606583163294876,0.00721775319656478,0.13571102416962025,0.712507980568123,0.6471087084677601,0.712507980568123,0.8641227405874465,0.0033996115981425367,0.8842022964257612,0.04970217161947233,0.8166128171309989,0.25027506899559454,0.42031772072112406
ppg_infra_p90,0.1406436480149056,0.973109606856319,0.895987342583426,0.9509352529863304,0.9496680121115657,0.08791073113310918,0.9381185526100209,0.9327030423852595,0.17246556431781812,0.044468968951754576,0.015217827994028025,0.8935347557932917,0.9037096988717427,0.8941410853050566,0.9730038863911565,0.9081023265457601,0.15215197036128053,0.8982947861922899,0.9100083732632477,0.9116409663147717,0.0,0.9828993172801845,0.9569088477365753,0.9785442961902341,0.9697446024540892,0.9529598922770729,0.13737587665888398,0.971684626190471,0.9730038863911565,0.08371285066605107,0.06542965680253193,0.045754912401776066,0.007075690744166592,0.1349164759072657,0.7304842447121987,0.671497647730655,0.7304842447121987,0.8746583032919404,0.015217827994028025,0.8935347557932917,0.0710184220236274,0.8284824575470027,0.25694823198003397,0.41611429952257456
ppg_infra_p95,0.12276745067196826,0.9734283126582545,0.8945592745272978,0.9785399787085828,0.9631407579999703,0.10042365149256444,0.92004267543749,0.9152466926727008,0.2089235517486481,0.007682960245240519,0.011264511784594842,0.9047321703165387,0.9094735852743835,0.9053434914744556,0.9731888980064161,0.9024085165951565,0.14973365319131585,0.8969129347421488,0.9077043280574142,0.9079256471872551,0.9828993172801845,0.0,0.9839564372428471,0.9677633848965751,0.9774991084258564,0.9661912820831364,0.08811729875380642,0.965150953266829,0.9731888980064161,0.12722201712615874,0.09827660010749997,0.07617691860715987,0.006145947781602653,0.13157898326049985,0.7393591230685747,0.6853355100425718,0.7393591230685747,0.8885913791098429,0.011264511784594835,0.9047321703165387,0.0651906728427465,0.8430365892080178,0.279339248313302,0.43537856702174954
ppg_infra_p99,0.09995762163655217,0.9665466098110925,0.8924110499525779,0.9986040968270746,0.9723628847227314,0.10035408963389664,0.9015125289357242,0.8973299261705727,0.22643161496236275,0.033604735613659134,0.0030932299544798197,0.9161430227291684,0.9154630154604052,0.9168379778130439,0.9662991284752035,0.8893207057354284,0.14341035501395322,0.8953784821018566,0.9050507471563091,0.9028726595207222,0.9569088477365753,0.9839564372428471,0.0,0.9516756726784013,0.9678033506167294,0.9736737273783513,0.04952019072906622,0.9530072300072359,0.9662991284752035,0.17932863778960073,0.12697999668515506,0.11091419557986361,0.005024869008448868,0.12593798573824516,0.7499580491759449,0.7000466620723221,0.7499580491759449,0.902089586845175,0.003093229954479822,0.9161430227291684,0.05027015627937249,0.8578783075071253,0.3086366766709265,0.45546193799567336
ppg_infra_p90_p10,0.012077244745244265,0.9933710545559922,0.9354909083152007,0.947755823215645,0.968325382929381,0.0656961270933181,0.9618912208300925,0.9583430756217689,0.11488080375435555,0.046913174438731546,0.00964069452264527,0.909264988455734,0.9220549305053815,0.9099084089791653,0.9931872947042156,0.9284373544979532,0.15652224772579232,0.9400610072618184,0.964326766506064,0.9767595206707911,0.9785442961902341,0.9677633848965751,0.9516756726784013,0.0,0.9891618996594802,0.9716425958386099,0.010580942235062967,0.9929844826003696,0.9931872947042156,0.08536065599721275,0.06481669439454701,0.04622429663329328,0.007308521960913066,0.1383963602204376,0.7381570027222325,0.6746083151960615,0.7381570027222325,0.8893542475980155,0.00964069452264527,0.9092649884557338,0.0121207876164808,0.8414549213265774,0.259471665428071,0.4277258234711934
ppg_infra_p95_p5,0.015384977172519949,0.995798278372282,0.9561354502402993,0.9643070332733522,0.9874486541390164,0.06282555605127063,0.9405127587040065,0.9378203084533067,0.11018849624058323,0.0014902903199862827,0.015399543444554005,0.9267069478512117,0.932821463174759,0.9273472705957834,0.9955824295387923,0.925117794507516,0.15181231143780313,0.9605320171566922,0.9757925908302604,0.9642946737323136,0.9697446024540892,0.9774991084258564,0.9678033506167294,0.9891618996594802,0.0,0.9904326938061259,0.018170370242083376,0.9866128992168839,0.9955824295387923,0.13687024865716044,0.10684892073797304,0.08378031895039818,0.006122428539393411,0.13362786540434282,0.7550996431008327,0.6968321655032923,0.7550996431008327,0.9099817901236258,0.015399543444554013,0.9267069478512117,0.0072024512221587735,0.8593453222484634,0.2853101999008036,0.44663270531957777
ppg_infra_p99_p1,0.009870058128338511,0.9888164280601273,0.9709333687255083,0.9723921731532462,0.9992114818393623,0.06516949851371417,0.9190107533363594,0.9164167835402017,0.10335003611451259,0.04645018616909794,0.014636539032774431,0.9446509630725638,0.9420571751336482,0.9453127896555618,0.9885623894772159,0.9133265425987173,0.1437042640116369,0.9733123017624575,0.9684846124463024,0.9468093694121413,0.9529598922770729,0.9661912820831364,0.9736737273783513,0.9716425958386099,0.9904326938061259,0.0,0.01770822284144131,0.9733695360618728,0.9885623894772159,0.19503072272644148,0.1396045574192526,0.12322183558637885,0.0035451229890244994,0.12619844660020266,0.7787279066187732,0.7322181868524776,0.7787279066187732,0.9295664734725202,0.014636539032774403,0.9446509630725638,0.00025584577619707535,0.8833924430267884,0.3256883602483218,0.47209445354235613
ppg_infra_trim_mean_10,0.9550861317107765,0.01195966815475203,0.009340620962103599,0.044312448207064606,0.01800632452673418,0.6060331546657816,0.0027556678122179286,0.00019471518894756794,0.038377210302235155,0.005351171000135219,0.013008433561062727,0.023253641345830623,0.019750799347895833,0.0230433199887714,0.012695383380924692,0.0074712757598717925,0.003702832819351321,0.015260365828485226,0.05521298604988166,0.1218048672315562,0.13737587665888398,0.08811729875380642,0.04952019072906622,0.010580942235062967,0.018170370242083376,0.01770822284144131,0.0,0.007227154978314223,0.012695383380924683,0.004188224582883841,0.015303167161300953,0.005188330887820891,3.661019677098929e-05,0.0005643724862714355,0.0251747665505564,0.025177276413757797,0.0251747665505564,0.022344650796571653,0.013008433561062698,0.023253641345830616,0.36017574180328127,0.021019930516641007,0.007905874585415206,0.003307093916437226
ppg_infra_mean_abs,0.008690526204212177,0.9953908496000755,0.9377232534737532,0.9496165724245221,0.9704297818831936,0.0714077604102867,0.9795178381640716,0.9723946360453508,0.11324770706072437,0.043416687820789536,0.01492383437789469,0.9132423177674044,0.9266619802116077,0.9139134015976296,0.9954700680136762,0.931699256328807,0.15882651089799493,0.9420941399403847,0.9619646992981811,0.9699015081864638,0.971684626190471,0.965150953266829,0.9530072300072359,0.9929844826003696,0.9866128992168839,0.9733695360618728,0.007227154978314223,0.0,0.9954700680136762,0.08877046129054494,0.052750256726010594,0.04555153007145299,0.007147269576957357,0.13912070940688046,0.7392264864473592,0.6755797363363253,0.7392264864473592,0.8928070669916952,0.014923834377894683,0.9132423177674044,0.006771864657761536,0.8466894045965588,0.26491023111483086,0.4299606599202619
ppg_infra_rms,0.010875268622750327,0.9998680996339065,0.9546182360391917,0.9634308749102928,0.9862183347178899,0.06872733635555642,0.9606630914857307,0.9548951832947343,0.11064955155947068,0.005410338011919965,0.014353172642673025,0.9268766356559706,0.9337729663607112,0.9275664316619349,1.0,0.9286961816398778,0.15638707698848733,0.9583926445949446,0.9714737047359414,0.9689336481984359,0.9730038863911565,0.9731888980064161,0.9662991284752035,0.9931872947042156,0.9955824295387923,0.9885623894772159,0.012695383380924683,0.9954700680136762,0.0,0.13181730654001697,0.09677026616637706,0.08086841987392468,0.00454035713444364,0.13844000000712767,0.7518028120060467,0.6943838476716212,0.7518028120060467,0.908805172604869,0.014353172642673025,0.9268766356559706,0.006117913202982597,0.8599261254754469,0.2928468441941399,0.4531435813438267
ppg_infra_crest_factor,0.010283180499294583,0.1316978225022324,0.2111335588626074,0.1892517758737823,0.20585836079291187,0.0023622914009790367,0.021898677168680505,0.02546350250496759,0.2017496192225338,0.6886019045137294,0.018902950565183783,0.20074104282082855,0.15895593319015733,0.2013256860066253,0.13181730654001697,0.05863491591394294,0.06979998396996152,0.20046477317270048,0.14036709722544702,0.08318576551013464,0.08371285066605107,0.12722201712615874,0.17932863778960073,0.08536065599721275,0.13687024865716044,0.19503072272644148,0.004188224582883841,0.08877046129054494,0.13181730654001697,0.0,0.6674239091310002,0.7637894647062285,0.22975654553119398,0.07007172685089876,0.13156918885627292,0.16794401180776306,0.13156918885627292,0.20449861913521594,0.018902950565183818,0.2007410428208285,0.009866282723012312,0.19551985620595472,0.5346340294571363,0.4454029797317477
ppg_infra_shape_factor,0.0008462111044184175,0.0959680369673605,0.15079757569262642,0.13068174993924442,0.14472058951803468,0.005063082848959122,0.008941096854464382,0.006856647878248219,0.21385139430438838,0.8438255634086989,0.007830629917221376,0.1262519139228886,0.0874972388638493,0.12665456865195052,0.09677026616637706,0.0360504818309832,0.025066644620574674,0.14488852285179646,0.1106573765503507,0.06122594240600086,0.06542965680253193,0.09827660010749997,0.12697999668515506,0.06481669439454701,0.10684892073797304,0.1396045574192526,0.015303167161300953,0.052750256726010594,0.09677026616637706,0.6674239091310002,0.0,0.9487278438189727,0.7089916551471059,0.016347485831943752,0.07085487612691434,0.0975866504768132,0.07085487612691434,0.13216269469587158,0.007830629917221348,0.1262519139228886,0.00907326418000966,0.1153713938921047,0.5785686405450574,0.4323084387953003
ppg_infra_impulse_factor,0.008410537047220966,0.08051044513062998,0.13790476244062377,0.11702421991672471,0.1310686961466168,0.0025032480807996977,0.0036282960303503317,0.0014389322533151531,0.2495862830649901,0.9095329730538138,0.01508090328967745,0.12331072156073074,0.08786494028378694,0.12374861346502077,0.08086841987392468,0.029831109841273813,0.034845073061745974,0.12905816532053152,0.08768080373056598,0.044606583163294876,0.045754912401776066,0.07617691860715987,0.11091419557986361,0.04622429663329328,0.08378031895039818,0.12322183558637885,0.005188330887820891,0.04555153007145299,0.08086841987392468,0.7637894647062285,0.9487278438189727,0.0,0.7671568982682336,0.018798934004793603,0.07390085782589187,0.10166384095960443,0.07390085782589187,0.12458107410838197,0.015080903289677455,0.12331072156073075,0.005814980929587589,0.11826408625681667,0.6060179728017393,0.4494315946331734
ppg_infra_clearance_factor,0.0018649813921574024,0.004538164036088187,0.0023964213614618528,0.004821790827329985,0.0012503837308106053,0.000343472833721559,0.008692415018933372,0.008546554342943595,0.22749959420227608,0.6591406901672694,0.00951878406922326,0.000571715960502799,0.004822310538996279,0.0006066832646499466,0.00454035713444364,0.005047358249759995,0.009003137260797597,0.001866819610043985,0.005807009128883306,0.00721775319656478,0.007075690744166592,0.006145947781602653,0.005024869008448868,0.007308521960913066,0.006122428539393411,0.0035451229890244994,3.661019677098929e-05,0.007147269576957357,0.00454035713444364,0.22975654553119398,0.7089916551471059,0.7671568982682336,0.0,0.014732817452560497,0.0022772763236527634,0.0006150573430426529,0.0022772763236527634,0.004295146970596363,0.009518784069223261,0.000571715960502799,0.02519936547301122,0.0014651659724735124,0.36163528054598215,0.2296459048517151
ppg_infra_mean_cross_rate,0.0031236488911427903,0.13766997401290487,0.11751737741375867,0.1239340653090102,0.12415141885290164,0.008250623093791189,0.13991018323848395,0.13208256337321117,0.025418316734312156,0.004582579236278128,0.0035674839672531745,0.06863276052657913,0.0644343199629484,0.06907754122841403,0.13844000000712767,0.09712906304374604,0.9383617517673715,0.11974796283781972,0.12939998630791913,0.13571102416962025,0.1349164759072657,0.13157898326049985,0.12593798573824516,0.1383963602204376,0.13362786540434282,0.12619844660020266,0.0005643724862714355,0.13912070940688046,0.13844000000712767,0.07007172685089876,0.016347485831943752,0.018798934004793603,0.014732817452560497,0.0,0.012506671945834673,0.018890608655569054,0.012506671945834673,0.06850246499545698,0.0035674839672531792,0.06863276052657911,0.008406603835604308,0.04699031783524595,0.10674326241367268,0.1515169846235671
ppg_infra_tke_mean,0.003930991328588994,0.7534466998759297,0.7722324969390584,0.7562696268194481,0.7859113444450916,0.07036445746259695,0.6952853325688759,0.6967960308420723,0.06534653362818106,0.024395908066421276,0.019666009551824033,0.8988153273152444,0.8822395231248323,0.8983369717692483,0.7518028120060467,0.7771420236146912,0.02695879901555211,0.7662701100314003,0.7355247701429942,0.712507980568123,0.7304842447121987,0.7393591230685747,0.7499580491759449,0.7381570027222325,0.7550996431008327,0.7787279066187732,0.0251747665505564,0.7392264864473592,0.7518028120060467,0.13156918885627292,0.07085487612691434,0.07390085782589187,0.0022772763236527634,0.012506671945834673,0.0,0.9614682148085797,1.0,0.8972856799974183,0.019666009551824022,0.8988153273152445,0.023869152084499037,0.9267302582815513,0.22843041918052648,0.2816889197906454
ppg_infra_tke_std,0.0012109523523121618,0.69594241134643,0.7337391595245223,0.7066200007994695,0.7405852450257203,0.07575012806899653,0.6244196820568655,0.6271536452063597,0.05347973322537876,0.062386486353154046,0.018624433385913387,0.8535170194677207,0.8089815587713142,0.8529931098890177,0.6943838476716212,0.7103143700242267,0.03034724978505393,0.7256589429381062,0.6756271331989202,0.6471087084677601,0.671497647730655,0.6853355100425718,0.7000466620723221,0.6746083151960615,0.6968321655032923,0.7322181868524776,0.025177276413757797,0.6755797363363253,0.6943838476716212,0.16794401180776306,0.0975866504768132,0.10166384095960443,0.0006150573430426529,0.018890608655569054,0.9614682148085797,0.0,0.9614682148085797,0.8471461937423628,0.018624433385913387,0.8535170194677206,0.032624607991014375,0.9029703867640827,0.3351394846087817,0.34359151033231455
ppg_infra_tke_mean_abs,0.003930991328588994,0.7534466998759297,0.7722324969390584,0.7562696268194481,0.7859113444450916,0.07036445746259695,0.6952853325688759,0.6967960308420723,0.06534653362818106,0.024395908066421276,0.019666009551824033,0.8988153273152444,0.8822395231248323,0.8983369717692483,0.7518028120060467,0.7771420236146912,0.02695879901555211,0.7662701100314003,0.7355247701429942,0.712507980568123,0.7304842447121987,0.7393591230685747,0.7499580491759449,0.7381570027222325,0.7550996431008327,0.7787279066187732,0.0251747665505564,0.7392264864473592,0.7518028120060467,0.13156918885627292,0.07085487612691434,0.07390085782589187,0.0022772763236527634,0.012506671945834673,1.0,0.9614682148085797,0.0,0.8972856799974183,0.019666009551824022,0.8988153273152445,0.023869152084499037,0.9267302582815513,0.22843041918052648,0.2816889197906454
ppg_infra_tke_p95_abs,0.009073699030003666,0.9095820888132127,0.911012272799568,0.9059491594785026,0.9342351270895116,0.06892048307549678,0.841071388892763,0.8403592706585763,0.08828353330555423,0.049317078451247914,0.02610612186195756,0.9891233574932987,0.9753065194934396,0.9891244105311554,0.908805172604869,0.8220431968749083,0.0869561546494364,0.9077836292865237,0.8889021525164064,0.8641227405874465,0.8746583032919404,0.8885913791098429,0.902089586845175,0.8893542475980155,0.9099817901236258,0.9295664734725202,0.022344650796571653,0.8928070669916952,0.908805172604869,0.20449861913521594,0.13216269469587158,0.12458107410838197,0.004295146970596363,0.06850246499545698,0.8972856799974183,0.8471461937423628,0.8972856799974183,0.0,0.026106121861957567,0.9891233574932985,0.008462886899728819,0.9639407774070355,0.31435016789301706,0.4257955398687513
ppg_infra_dx_mean,0.00952665635699166,0.014637786011839878,0.027900138277931003,0.0009681439383558175,0.013834509152898687,0.020525869927444738,0.01810243550742433,0.0137034062160813,0.005794218002327245,0.015255867593118902,1.0,0.021908839152216635,0.023170936252803132,0.022150990125243297,0.014353172642673025,0.007417210769823667,0.004109495592140336,0.025479209617931743,0.018954632557822912,0.0033996115981425367,0.015217827994028025,0.011264511784594835,0.003093229954479822,0.00964069452264527,0.015399543444554013,0.014636539032774403,0.013008433561062698,0.014923834377894683,0.014353172642673025,0.018902950565183818,0.007830629917221348,0.015080903289677455,0.009518784069223261,0.0035674839672531792,0.019666009551824022,0.018624433385913387,0.019666009551824022,0.026106121861957567,0.0,0.021908839152216652,0.07180956515599557,0.02289648578759238,0.014172058097224254,0.030516082294958006
ppg_infra_dx_std,0.01025285418661267,0.9276589792560097,0.9260370046301928,0.9193262257266244,0.9488378847894404,0.06541193478435631,0.8650416198804625,0.8668938509591891,0.08877903876417167,0.0476070651072367,0.021908839152216652,1.0,0.9909534184616465,0.9999898031507459,0.9268766356559706,0.8478380747508067,0.08759016267527442,0.9231037621883668,0.9054381247195896,0.8842022964257612,0.8935347557932917,0.9047321703165387,0.9161430227291684,0.9092649884557338,0.9267069478512117,0.9446509630725638,0.023253641345830616,0.9132423177674044,0.9268766356559706,0.2007410428208285,0.1262519139228886,0.12331072156073075,0.000571715960502799,0.06863276052657911,0.8988153273152445,0.8535170194677206,0.8988153273152445,0.9891233574932985,0.021908839152216652,0.0,0.001296366281940619,0.9752533071806941,0.33894077975581927,0.43825544121614934
ppg_infra_ddx_mean,0.39479030684452776,0.006678017583580686,0.045459580292470464,0.041252048502570283,0.0021235562600248497,0.20066789729429532,0.0053384307121472465,0.0023070969960996062,0.04915401747607608,0.003408250338052311,0.07180956515599557,0.001296366281940619,0.004685213342746874,0.001402357968098623,0.006117913202982597,0.007697848775803436,0.006818555230653764,0.050109608195251155,0.053260981120845534,0.04970217161947233,0.0710184220236274,0.0651906728427465,0.05027015627937249,0.0121207876164808,0.0072024512221587735,0.00025584577619707535,0.36017574180328127,0.006771864657761536,0.006117913202982597,0.009866282723012312,0.00907326418000966,0.005814980929587589,0.02519936547301122,0.008406603835604308,0.023869152084499037,0.032624607991014375,0.023869152084499037,0.008462886899728819,0.07180956515599557,0.001296366281940619,0.0,0.0035293697795939407,0.009257899839838662,0.014456837253175005
ppg_infra_ddx_std,0.01168557336797138,0.8609461916817894,0.8675881922269539,0.8627851448172101,0.8897137503371146,0.06467516433179744,0.8010171536307082,0.8045766311661121,0.08612928366207,0.04900654204614498,0.02289648578759238,0.9752533071806941,0.9571303901815772,0.9749911788458341,0.8599261254754469,0.8037541796417405,0.06415216292720839,0.862089674026875,0.8354041498222616,0.8166128171309989,0.8284824575470027,0.8430365892080178,0.8578783075071253,0.8414549213265774,0.8593453222484634,0.8833924430267884,0.021019930516641007,0.8466894045965588,0.8599261254754469,0.19551985620595472,0.1153713938921047,0.11826408625681667,0.0014651659724735124,0.04699031783524595,0.9267302582815513,0.9029703867640827,0.9267302582815513,0.9639407774070355,0.02289648578759238,0.9752533071806941,0.0035293697795939407,0.0,0.35311644256449926,0.43460604275530584
ppg_infra_dx_kurtosis,0.004053733069729916,0.2922988397882907,0.334035662351837,0.3137309293859165,0.3330565217808639,0.02573346171130937,0.22367307391270638,0.22124971984786326,0.11850168477044036,0.6081548139089908,0.014172058097224254,0.33894077975581927,0.2675087689496803,0.3391682626890287,0.2928468441941399,0.19276323725534258,0.10560016707872313,0.3255312233602498,0.2779382904293966,0.25027506899559454,0.25694823198003397,0.279339248313302,0.3086366766709265,0.259471665428071,0.2853101999008036,0.3256883602483218,0.007905874585415206,0.26491023111483086,0.2928468441941399,0.5346340294571363,0.5785686405450574,0.6060179728017393,0.36163528054598215,0.10674326241367268,0.22843041918052648,0.3351394846087817,0.22843041918052648,0.31435016789301706,0.014172058097224254,0.33894077975581927,0.009257899839838662,0.35311644256449926,0.0,0.738596665289324
ppg_infra_ddx_kurtosis,0.000611717719771606,0.4524590297976981,0.46968761885702237,0.45943185517903734,0.47772596156102076,0.0070921681524358324,0.3914177655251853,0.3858884917860569,0.058997866855627364,0.4075380131156572,0.030516082294958006,0.43825544121614934,0.3872077857181756,0.4387362077844949,0.4531435813438267,0.32800664632630877,0.15582876311228838,0.46372773946673307,0.43706969116228045,0.42031772072112406,0.41611429952257456,0.43537856702174954,0.45546193799567336,0.4277258234711934,0.44663270531957777,0.47209445354235613,0.003307093916437226,0.4299606599202619,0.4531435813438267,0.4454029797317477,0.4323084387953003,0.4494315946331734,0.2296459048517151,0.1515169846235671,0.2816889197906454,0.34359151033231455,0.2816889197906454,0.4257955398687513,0.030516082294958006,0.43825544121614934,0.014456837253175005,0.43460604275530584,0.738596665289324,0.0
