,ppg_green_mean,ppg_green_std,ppg_green_min,ppg_green_max,ppg_green_range,ppg_green_median,ppg_green_iqr,ppg_green_mad,ppg_green_skew,ppg_green_kurtosis,ppg_green_diff_mean,ppg_green_diff_std,ppg_green_diff_mean_abs,ppg_green_diff_rms,ppg_green_signal_rms,ppg_green_signal_energy,ppg_green_p1,ppg_green_p5,ppg_green_p10,ppg_green_p90,ppg_green_p95,ppg_green_p99,ppg_green_p90_p10,ppg_green_p95_p5,ppg_green_p99_p1,ppg_green_trim_mean_10,ppg_green_mean_abs,ppg_green_rms,ppg_green_crest_factor,ppg_green_shape_factor,ppg_green_impulse_factor,ppg_green_clearance_factor,ppg_green_mean_cross_rate,ppg_green_tke_mean,ppg_green_tke_std,ppg_green_tke_mean_abs,ppg_green_tke_p95_abs,ppg_green_dx_mean,ppg_green_dx_std,ppg_green_ddx_mean,ppg_green_ddx_std,ppg_green_dx_kurtosis,ppg_green_ddx_kurtosis
ppg_green_mean,0.0,0.269410454734805,0.9598647904580974,0.7603228076323519,0.23696705584389324,0.9955987823406374,0.3474144101295403,0.3414423641900741,0.1256051072348367,0.025061603793289866,0.00389956117843814,0.07851156126869775,0.27538225801633354,0.07948885691637761,0.9991074556363521,0.9915911281017776,0.961548636756921,0.9694150646503499,0.9761804525888741,0.9585240454101712,0.9054068349117377,0.7681307339084157,0.334131490211274,0.30777446495118255,0.23580041299204876,0.9993057286341412,1.0,0.9991074556363521,0.3375978080946186,0.2563212526350835,0.32017136641510197,0.31509650269048367,0.13262850947120713,0.0036910718060237176,0.004438202711213532,0.0036910718060237176,0.34600379671218834,0.00389956117843814,0.07851156126869775,0.062004958189284955,0.03459129859832129,0.009005875435441676,0.08184791082438293
ppg_green_std,0.269410454734805,0.0,0.4850351456163103,0.3594672903898055,0.968436917542858,0.2992159503417804,0.7802808238096743,0.7335986621453539,0.3143078138932035,0.330352109879377,0.1955916576583417,0.8135389538882362,0.8774993982901947,0.8156185782298428,0.2338850231350045,0.23069490497903478,0.4820799078205034,0.4635505812178435,0.4461350683976495,0.044420491712963056,0.1163049517740689,0.34902828218151055,0.892182047984575,0.9523990710443995,0.9690300987014967,0.29286060463341784,0.26941045473480507,0.2338850231350045,0.8800567830854134,0.8196859314665883,0.8729798855884844,0.8705468236382424,0.10258576777329366,0.6945438232541549,0.6834391280720586,0.6945438232541549,0.7407949782272338,0.1955916576583417,0.8135389538882362,0.005779969275621756,0.7734229369470211,0.5569381274253438,0.44815564115493567
ppg_green_min,0.9598647904580974,0.4850351456163103,0.0,0.6193384016537521,0.4440514024708789,0.953814017989345,0.5357121453080643,0.5205137223675562,0.09735171285026444,0.09608833019598284,0.04078323444671836,0.2281074347263634,0.4633912226752585,0.2297216835153058,0.9524577608612539,0.946963089005492,0.999890331182376,0.9977777966453499,0.9938422795258923,0.8669363867253653,0.7920725644648493,0.6284672501241978,0.5448058963136242,0.5217694164277634,0.4425594540305961,0.962212126322154,0.9598647904580976,0.9524577608612539,0.47684526104555136,0.3829776760317213,0.4562683812662787,0.45026446123991026,0.09142063588156012,0.11849825415394857,0.1081636711309231,0.11849825415394857,0.5157943981167131,0.04078323444671836,0.2281074347263634,0.04787995327854437,0.17215491198835647,0.1179786983930219,0.194591608434812
ppg_green_max,0.7603228076323519,0.3594672903898055,0.6193384016537521,0.0,0.42845419060302764,0.7252096797762094,0.03280459347011966,0.024568981905758142,0.22977540400724,0.308917939285243,0.11001922098875982,0.5588599335043081,0.34028155752986866,0.5585695989554206,0.7845094177095354,0.7825072802901485,0.6225135437462384,0.6407898873233744,0.6544440318705218,0.8339567748378244,0.9107639081754098,0.9993066417342154,0.13545154205863455,0.25438467311737467,0.42913711398208976,0.7387587592344514,0.7603228076323519,0.7845094177095354,0.33562869586221744,0.33539095360525517,0.3492246632842127,0.35192789594477536,0.12800608335719604,0.5661939004100129,0.5690530218121405,0.5661939004100129,0.13911711862035167,0.11001922098875982,0.5588599335043081,0.05175268625216319,0.5858094797810424,0.43161362537994236,0.2162464128087652
ppg_green_range,0.23696705584389324,0.968436917542858,0.4440514024708789,0.42845419060302764,0.0,0.27007538805731335,0.6539639579815039,0.6270741229959849,0.3742624847501062,0.46312775308939025,0.17249196471570827,0.9003019196167823,0.9216327270353262,0.9018283484534955,0.20084034176047613,0.1968016592566491,0.4403016462169919,0.4170130532672714,0.39690143027795916,0.04598726777173184,0.12782410766593805,0.41715694017995353,0.7815725420526439,0.8907900691195403,0.999062352228973,0.2642778734446013,0.23696705584389324,0.20084034176047613,0.9318064146125092,0.8235071850910493,0.9236414474796285,0.9198168001609301,0.04087158471854029,0.7825274117963065,0.7738967061287683,0.7825274117963065,0.752367773199538,0.17249196471570827,0.9003019196167823,0.003958477644456101,0.8666641460146134,0.6283434481817376,0.47073184712647453
ppg_green_median,0.9955987823406374,0.2992159503417804,0.953814017989345,0.7252096797762094,0.27007538805731335,0.0,0.35153053467967227,0.3487104171742938,0.1778448237197882,0.044735621923479296,0.00023656961381232427,0.12189739278677306,0.3066642367346839,0.122793856776834,0.9927305533792252,0.9841424353188272,0.9556093665032412,0.9636425119878409,0.9711862579677953,0.944004924154383,0.8810427973651908,0.7335867574241827,0.35048466681992757,0.33375671003718166,0.26887922050403984,0.9966439582831009,0.9955987823406371,0.9927305533792252,0.38261922971490225,0.2987692658463217,0.36586146385523227,0.36093910733822504,0.13381498365782124,0.04702057174048406,0.0379000570802905,0.04702057174048406,0.3665429657269272,0.00023656961381232427,0.12189739278677306,0.06348295756102995,0.07910704309047609,0.0399212189890044,0.09326791937205454
ppg_green_iqr,0.3474144101295403,0.7802808238096743,0.5357121453080643,0.03280459347011966,0.6539639579815039,0.35153053467967227,0.0,0.9211049356939943,0.1024245280711234,0.03849916216941367,0.168163701461549,0.3500638748903901,0.5964401981954259,0.35294007484102147,0.32707734113304315,0.32629214912445786,0.5338792928102991,0.525504529106297,0.5146026932046354,0.136152560102044,0.07842379636797335,0.025473177167801765,0.869587992057926,0.7714160530229109,0.654712678140384,0.3536578689257552,0.3474144101295403,0.32707734113304315,0.5549198809965299,0.5472320026949052,0.54171398568218,0.5398985914075664,0.17090330279506535,0.20839558487349483,0.19232170423347972,0.20839558487349483,0.6382841520526132,0.168163701461549,0.3500638748903901,0.012235950613196165,0.29218151930080977,0.24148971922177484,0.31136760421088244
ppg_green_mad,0.3414423641900741,0.7335986621453539,0.5205137223675562,0.024568981905758142,0.6270741229959849,0.3487104171742938,0.9211049356939943,0.0,0.11329777113654627,0.037407109871162185,0.13161517400736103,0.3446919867924987,0.6027774158472752,0.3472304361286667,0.32341814655670237,0.3229547904881578,0.518707546907511,0.5091593175450163,0.4973542934655294,0.14201458107356132,0.07835184081313783,0.018202827236680336,0.8208564216654262,0.7439514149233225,0.6285202430005663,0.3477296510840567,0.3414423641900741,0.32341814655670237,0.5277887347607984,0.48084267454273033,0.5112021803592203,0.5073505811008253,0.11892533076280501,0.20652772271568082,0.19255940825363652,0.20652772271568082,0.6133536725910287,0.13161517400736103,0.3446919867924987,0.028555127002154783,0.28747226997398856,0.21876091681539325,0.28148695280467345
ppg_green_skew,0.1256051072348367,0.3143078138932035,0.09735171285026444,0.22977540400724,0.3742624847501062,0.1778448237197882,0.1024245280711234,0.11329777113654627,0.0,0.1328297505157472,0.06830477054904632,0.44936840142063894,0.3516975357062071,0.44895910529358385,0.11025316556133019,0.09289193389532553,0.09901432588087375,0.10695737481721236,0.12250860573590237,0.06742884061159908,0.037044716317527225,0.22197788433639895,0.1412396095295514,0.23471895497401418,0.37320506247848056,0.14556972914787292,0.1256051072348367,0.11025316556133019,0.5115478682306274,0.35417997013284114,0.49813167169360495,0.4918137040059942,0.07028754052987167,0.4179494605259633,0.4211649828769265,0.4179494605259633,0.20434492925742573,0.06830477054904632,0.44936840142063894,0.03988320981333823,0.4566956482787172,0.3102271066964588,0.11217263809335247
ppg_green_kurtosis,0.025061603793289866,0.330352109879377,0.09608833019598284,0.308917939285243,0.46312775308939025,0.044735621923479296,0.03849916216941367,0.037407109871162185,0.1328297505157472,0.0,0.07471418208660409,0.5214738966496425,0.39991384239111377,0.5214781291625685,0.009482871972567888,0.0035443339422687467,0.09162254804727989,0.06854098927586559,0.0518897267067642,0.01654554981681717,0.07849166402668702,0.30239535794235406,0.08239329156154018,0.23068403038650673,0.4577469037166872,0.04304047289932939,0.025061603793289883,0.009482871972567888,0.4646247544036069,0.32919382018181537,0.45802402300715117,0.4533543301563149,0.1506727748616798,0.47315622515438854,0.48115954901680846,0.47315622515438854,0.2682696794712634,0.07471418208660409,0.5214738966496425,0.041103408141142335,0.5212675971480093,0.5290181391873785,0.3910828100227907
ppg_green_diff_mean,0.00389956117843814,0.1955916576583417,0.04078323444671836,0.11001922098875982,0.17249196471570827,0.00023656961381232427,0.168163701461549,0.13161517400736103,0.06830477054904632,0.07471418208660409,0.0,0.11625062491682071,0.10073745007020615,0.11715587997973015,0.010842395587689627,0.008849997094512656,0.041618393146353884,0.04058828850336238,0.03934141481351019,0.04426819060248833,0.05456509012331884,0.11104633323466366,0.1691929256830184,0.14845738343575235,0.17743102029246005,0.00023260417934405463,0.003899561178438143,0.010842395587689627,0.14801462421908632,0.1462235199200685,0.14545533801081145,0.14464330786073787,0.023322871284937246,0.09904979042512911,0.11774258095370851,0.09904979042512911,0.05971514029015697,1.0,0.11625062491682071,0.013531788270177066,0.11096855233276752,0.11890954896330352,0.07891997380934616
ppg_green_diff_std,0.07851156126869775,0.8135389538882362,0.2281074347263634,0.5588599335043081,0.9003019196167823,0.12189739278677306,0.3500638748903901,0.3446919867924987,0.44936840142063894,0.5214738966496425,0.11625062491682071,0.0,0.858603908226709,0.9999804579488063,0.04162686926864525,0.03698333966127825,0.22507622436572552,0.20477983949972903,0.19109395163645654,0.05062801295704655,0.24303256752538244,0.5498679778972078,0.5129991279067672,0.701709781217481,0.9008281414602883,0.11138541729031562,0.07851156126869778,0.04162686926864525,0.8645624926689243,0.7765820124837044,0.866786934815125,0.8652241694448773,0.048130100921827956,0.950283663123561,0.9451000451182539,0.950283663123561,0.5818410262052363,0.11625062491682077,1.0,0.003353880179311564,0.9952525142257026,0.6792434512193511,0.4127915250993208
ppg_green_diff_mean_abs,0.27538225801633354,0.8774993982901947,0.4633912226752585,0.34028155752986866,0.9216327270353262,0.3066642367346839,0.5964401981954259,0.6027774158472752,0.3516975357062071,0.39991384239111377,0.10073745007020615,0.858603908226709,0.0,0.8588984959730199,0.2437342966398134,0.23761204170854727,0.45917437096135827,0.4364628163444285,0.41722319944033803,0.09688958598604867,0.06889844118232114,0.3273435648153658,0.7303912100779599,0.837208444810915,0.9170759467130959,0.2996592990633518,0.27538225801633365,0.2437342966398134,0.866071480728352,0.7333178981238087,0.8538856431997207,0.848958345025782,0.16170605031291096,0.7021916607790454,0.6832995512199773,0.7021916607790454,0.8734396841177093,0.10073745007020615,0.858603908226709,0.0014152225411783468,0.812022651109321,0.5514172022874014,0.4199826694788382
ppg_green_diff_rms,0.07948885691637761,0.8156185782298428,0.2297216835153058,0.5585695989554206,0.9018283484534955,0.122793856776834,0.35294007484102147,0.3472304361286667,0.44895910529358385,0.5214781291625685,0.11715587997973015,0.9999804579488063,0.8588984959730199,0.0,0.04256611415336517,0.037952964088676405,0.22668195257480978,0.2063546936295957,0.19260822920937767,0.05022030267919098,0.24264910792229166,0.549573365928201,0.5155447173099776,0.7038039780851237,0.9023670715070726,0.11235290788968898,0.07948885691637761,0.04256611415336517,0.8656163422538634,0.777762724749726,0.8677964192034531,0.8662277630771588,0.04646757734304405,0.9501614479543907,0.9450082162578443,0.9501614479543907,0.5822463152759653,0.11715587997973015,0.9999804579488063,0.003655389439793594,0.9951639078371213,0.6793738018456527,0.4133206014656855
ppg_green_signal_rms,0.9991074556363521,0.2338850231350045,0.9524577608612539,0.7845094177095354,0.20084034176047613,0.9927305533792252,0.32707734113304315,0.32341814655670237,0.11025316556133019,0.009482871972567888,0.010842395587689627,0.04162686926864525,0.2437342966398134,0.04256611415336517,0.0,0.9927167568930844,0.9542062530855577,0.9626130186383661,0.969714583190457,0.9647507928995632,0.9191039083391582,0.7920663472663483,0.3082944738197595,0.2762205025974937,0.19946263194110472,0.9971454721633516,0.9991074556363521,1.0,0.3014733453332935,0.2164246248669949,0.2829084041761368,0.2774747864163424,0.1359412173916073,0.03272051070661983,0.04013388482950906,0.03272051070661983,0.3224929264648423,0.010842395587689622,0.041626869268645235,0.06057729375754304,0.0020508847257133377,0.013814967662156024,0.0678033086187556
ppg_green_signal_energy,0.9915911281017776,0.23069490497903478,0.946963089005492,0.7825072802901485,0.1968016592566491,0.9841424353188272,0.32629214912445786,0.3229547904881578,0.09289193389532553,0.0035443339422687467,0.008849997094512656,0.03698333966127825,0.23761204170854727,0.037952964088676405,0.9927167568930844,0.0,0.948627261460178,0.9563630629300541,0.9631489641141143,0.9592807578708344,0.9143387681065241,0.7892910842568874,0.3042121528042509,0.2726644120371138,0.19614576269620912,0.9895182264334096,0.9915911281017779,0.9927167568930846,0.282181814644969,0.20218469114273013,0.26505371579540876,0.2600114252273053,0.1429569143772163,0.03326440843238541,0.040439324099170344,0.03326440843238541,0.3161600610920925,0.008849997094512644,0.03698333966127825,0.054434783778303956,0.00664760630848159,0.01770596791071873,0.05984895563783103
ppg_green_p1,0.961548636756921,0.4820799078205034,0.999890331182376,0.6225135437462384,0.4403016462169919,0.9556093665032412,0.5338792928102991,0.518707546907511,0.09901432588087375,0.09162254804727989,0.041618393146353884,0.22507622436572552,0.45917437096135827,0.22668195257480978,0.9542062530855577,0.948627261460178,0.0,0.9983353553496825,0.9946590352702709,0.8690927967721555,0.794461134944632,0.6316327532866487,0.5425411184053208,0.5192080951908279,0.43901929734673883,0.9638482191718436,0.961548636756921,0.9542062530855577,0.4749905511356018,0.38224362632824704,0.4545556329846509,0.4486126876923649,0.09063265732987566,0.11658452428550858,0.10627993635905779,0.11658452428550858,0.5120371383438275,0.04161839314635386,0.22507622436572552,0.0511844197840668,0.16940123052930864,0.11505579181688567,0.19113698497117543
ppg_green_p5,0.9694150646503499,0.4635505812178435,0.9977777966453499,0.6407898873233744,0.4170130532672714,0.9636425119878409,0.525504529106297,0.5091593175450163,0.10695737481721236,0.06854098927586559,0.04058828850336238,0.20477983949972903,0.4364628163444285,0.2063546936295957,0.9626130186383661,0.9563630629300541,0.9983353553496825,0.0,0.9982616226097469,0.8797373665192184,0.8076518756695283,0.6499679086717349,0.5304232007373807,0.5026775542657964,0.4158208596810183,0.9713820227565783,0.9694150646503498,0.9626130186383661,0.4614548220145646,0.3742675449234366,0.4417167955274668,0.43608796931740273,0.08943294244822368,0.09912853857850529,0.08881400394622825,0.09912853857850529,0.4931737968304994,0.04058828850336243,0.20477983949972905,0.055927158461426554,0.1504106048810994,0.09976369787947116,0.17583568223118576
ppg_green_p10,0.9761804525888741,0.4461350683976495,0.9938422795258923,0.6544440318705218,0.39690143027795916,0.9711862579677953,0.5146026932046354,0.4973542934655294,0.12250860573590237,0.0518897267067642,0.03934141481351019,0.19109395163645654,0.41722319944033803,0.19260822920937767,0.969714583190457,0.9631489641141143,0.9946590352702709,0.9982616226097469,0.0,0.8898572996232172,0.8189940653545035,0.6635141812416185,0.5152140967733962,0.48311707783247737,0.39581663926489424,0.9781908257092642,0.9761804525888741,0.9697145831904573,0.45297146615586864,0.37000859347852755,0.4339924456417779,0.4286334980960946,0.0908462435690951,0.08959865953659654,0.07933489509164644,0.08959865953659654,0.475071264941856,0.03934141481351018,0.19109395163645657,0.05679619174980261,0.13829692639388333,0.08885703192685282,0.16198958716376896
ppg_green_p90,0.9585240454101712,0.044420491712963056,0.8669363867253653,0.8339567748378244,0.04598726777173184,0.944004924154383,0.136152560102044,0.14201458107356132,0.06742884061159908,0.01654554981681717,0.04426819060248833,0.05062801295704655,0.09688958598604867,0.05022030267919098,0.9647507928995632,0.9592807578708344,0.8690927967721555,0.8797373665192184,0.8898572996232172,0.0,0.9634038407964298,0.8385242964441527,0.0674421743961525,0.07148460960141134,0.04595051690195557,0.9559435865676957,0.9585240454101714,0.9647507928995632,0.1749489162487281,0.097526088682273,0.1607860749556739,0.15622321550977186,0.1710514824079601,0.0859007754590846,0.08796526026839657,0.0859007754590846,0.16966941179711664,0.04426819060248834,0.05062801295704654,0.05845660649265996,0.08203967325952885,0.07627099165525789,0.00435657667207634
ppg_green_p95,0.9054068349117377,0.1163049517740689,0.7920725644648493,0.9107639081754098,0.12782410766593805,0.8810427973651908,0.07842379636797335,0.07835184081313783,0.037044716317527225,0.07849166402668702,0.05456509012331884,0.24303256752538244,0.06889844118232114,0.24264910792229166,0.9191039083391582,0.9143387681065241,0.794461134944632,0.8076518756695283,0.8189940653545035,0.9634038407964298,0.0,0.913060300980407,0.01877740769146906,0.10375691941431209,0.1278274307291269,0.8944328584501888,0.9054068349117379,0.9191039083391584,0.008263892985617359,0.07045963711182339,0.022850382083749596,0.02702764828857694,0.16387383403949773,0.2761763847170699,0.276019101558549,0.2761763847170699,0.0589294682947205,0.05456509012331883,0.24303256752538246,0.04388391961029637,0.27316061894142113,0.2028162888529928,0.0810722818490297
ppg_green_p99,0.7681307339084157,0.34902828218151055,0.6284672501241978,0.9993066417342154,0.41715694017995353,0.7335867574241827,0.025473177167801765,0.018202827236680336,0.22197788433639895,0.30239535794235406,0.11104633323466366,0.5498679778972078,0.3273435648153658,0.549573365928201,0.7920663472663483,0.7892910842568874,0.6316327532866487,0.6499679086717349,0.6635141812416185,0.8385242964441527,0.913060300980407,0.0,0.12419680096356077,0.24227037396460263,0.41926175410643407,0.7467627325131303,0.7681307339084158,0.7920663472663483,0.3229680085245351,0.32851989103963497,0.337524196108424,0.34053377552429603,0.13075472409817807,0.5631278762407302,0.5662590755732911,0.5631278762407302,0.12447086285365544,0.11104633323466366,0.5498679778972078,0.052437875745719904,0.5773495454918137,0.420262302841591,0.20653374883349132
ppg_green_p90_p10,0.334131490211274,0.892182047984575,0.5448058963136242,0.13545154205863455,0.7815725420526439,0.35048466681992757,0.869587992057926,0.8208564216654262,0.1412396095295514,0.08239329156154018,0.1691929256830184,0.5129991279067672,0.7303912100779599,0.5155447173099776,0.3082944738197595,0.3042121528042509,0.5425411184053208,0.5304232007373807,0.5152140967733962,0.0674421743961525,0.01877740769146906,0.12419680096356077,0.0,0.9222149818622664,0.7792693117585057,0.3433753475339054,0.3341314902112741,0.30829447381975944,0.66192977652768,0.6259445638549685,0.6470310430651895,0.6438833614073358,0.12265993005801895,0.3573059812553857,0.33873894497225965,0.3573059812553857,0.7201763187279269,0.16919292568301839,0.5129991279067672,0.01439151497605696,0.4565482468841226,0.33759425787939873,0.3624298588746373
ppg_green_p95_p5,0.30777446495118255,0.9523990710443995,0.5217694164277634,0.25438467311737467,0.8907900691195403,0.33375671003718166,0.7714160530229109,0.7439514149233225,0.23471895497401418,0.23068403038650673,0.14845738343575235,0.701709781217481,0.837208444810915,0.7038039780851237,0.2762205025974937,0.2726644120371138,0.5192080951908279,0.5026775542657964,0.48311707783247737,0.07148460960141134,0.10375691941431209,0.24227037396460263,0.9222149818622664,0.0,0.8887840198089214,0.3271806765181828,0.30777446495118255,0.2762205025974937,0.79046982883005,0.7345899673652152,0.7785615113830712,0.7751912488171163,0.08939805589634116,0.5720941532406612,0.5544656248745641,0.5720941532406612,0.7454622764425308,0.14845738343575235,0.701709781217481,0.029998315779597745,0.6541724057067941,0.4656154947759824,0.41544565575915815
ppg_green_p99_p1,0.23580041299204876,0.9690300987014967,0.4425594540305961,0.42913711398208976,0.999062352228973,0.26887922050403984,0.654712678140384,0.6285202430005663,0.37320506247848056,0.4577469037166872,0.17743102029246005,0.9008281414602883,0.9170759467130959,0.9023670715070726,0.19946263194110472,0.19614576269620912,0.43901929734673883,0.4158208596810183,0.39581663926489424,0.04595051690195557,0.1278274307291269,0.41926175410643407,0.7792693117585057,0.8887840198089214,0.0,0.26325722769346915,0.23580041299204882,0.19946263194110472,0.9305262977988651,0.8283506522315104,0.9234658387086605,0.9199943223853123,0.04540101402409369,0.7891478351118469,0.780709632486526,0.7891478351118469,0.7438657109113752,0.17743102029246005,0.9008281414602881,0.0008328668640183728,0.8674798858742176,0.6217870651389955,0.4631852859583049
ppg_green_trim_mean_10,0.9993057286341412,0.29286060463341784,0.962212126322154,0.7387587592344514,0.2642778734446013,0.9966439582831009,0.3536578689257552,0.3477296510840567,0.14556972914787292,0.04304047289932939,0.00023260417934405463,0.11138541729031562,0.2996592990633518,0.11235290788968898,0.9971454721633516,0.9895182264334096,0.9638482191718436,0.9713820227565783,0.9781908257092642,0.9559435865676957,0.8944328584501888,0.7467627325131303,0.3433753475339054,0.3271806765181828,0.26325722769346915,0.0,0.9993057286341412,0.9971454721633514,0.366787615903293,0.28322022237964334,0.34977792674712116,0.34473139354764115,0.1328374906473048,0.03683125622407962,0.0287464402057744,0.03683125622407962,0.35989361705253015,0.00023260417934405471,0.11138541729031563,0.06242799081021001,0.06798207598737684,0.0316552031127715,0.09333835443540373
ppg_green_mean_abs,1.0,0.26941045473480507,0.9598647904580976,0.7603228076323519,0.23696705584389324,0.9955987823406371,0.3474144101295403,0.3414423641900741,0.1256051072348367,0.025061603793289883,0.003899561178438143,0.07851156126869778,0.27538225801633365,0.07948885691637761,0.9991074556363521,0.9915911281017779,0.961548636756921,0.9694150646503498,0.9761804525888741,0.9585240454101714,0.9054068349117379,0.7681307339084158,0.3341314902112741,0.30777446495118255,0.23580041299204882,0.9993057286341412,0.0,0.9991074556363521,0.3375978080946186,0.2563212526350835,0.32017136641510197,0.31509650269048367,0.13262850947120713,0.0036910718060237176,0.004438202711213532,0.0036910718060237176,0.34600379671218834,0.00389956117843814,0.07851156126869775,0.062004958189284955,0.03459129859832129,0.009005875435441676,0.08184791082438293
ppg_green_rms,0.9991074556363521,0.2338850231350045,0.9524577608612539,0.7845094177095354,0.20084034176047613,0.9927305533792252,0.32707734113304315,0.32341814655670237,0.11025316556133019,0.009482871972567888,0.010842395587689627,0.04162686926864525,0.2437342966398134,0.04256611415336517,1.0,0.9927167568930846,0.9542062530855577,0.9626130186383661,0.9697145831904573,0.9647507928995632,0.9191039083391584,0.7920663472663483,0.30829447381975944,0.2762205025974937,0.19946263194110472,0.9971454721633514,0.9991074556363521,0.0,0.3014733453332935,0.2164246248669949,0.2829084041761368,0.2774747864163424,0.1359412173916073,0.03272051070661983,0.04013388482950906,0.03272051070661983,0.3224929264648423,0.010842395587689622,0.041626869268645235,0.06057729375754304,0.0020508847257133377,0.013814967662156024,0.0678033086187556
ppg_green_crest_factor,0.3375978080946186,0.8800567830854134,0.47684526104555136,0.33562869586221744,0.9318064146125092,0.38261922971490225,0.5549198809965299,0.5277887347607984,0.5115478682306274,0.4646247544036069,0.14801462421908632,0.8645624926689243,0.866071480728352,0.8656163422538634,0.3014733453332935,0.282181814644969,0.4749905511356018,0.4614548220145646,0.45297146615586864,0.1749489162487281,0.008263892985617359,0.3229680085245351,0.66192977652768,0.79046982883005,0.9305262977988651,0.366787615903293,0.3375978080946186,0.3014733453332935,0.0,0.8938071054713639,0.9968226009092995,0.994293262376185,0.01130697074609933,0.7625045581631792,0.7515032597366548,0.7625045581631792,0.727795149917701,0.14801462421908632,0.864562492668924,0.033699479916151645,0.8354608544184748,0.5980582098248335,0.4211556537029073
ppg_green_shape_factor,0.2563212526350835,0.8196859314665883,0.3829776760317213,0.33539095360525517,0.8235071850910493,0.2987692658463217,0.5472320026949052,0.48084267454273033,0.35417997013284114,0.32919382018181537,0.1462235199200685,0.7765820124837044,0.7333178981238087,0.777762724749726,0.2164246248669949,0.20218469114273013,0.38224362632824704,0.3742675449234366,0.37000859347852755,0.097526088682273,0.07045963711182339,0.32851989103963497,0.6259445638549685,0.7345899673652152,0.8283506522315104,0.28322022237964334,0.2563212526350835,0.2164246248669949,0.8938071054713639,0.0,0.9222972131738659,0.9318331208682883,0.051959485232063694,0.746398607514848,0.7244328050802481,0.746398607514848,0.6141677842204649,0.1462235199200687,0.776582012483705,0.06405998915171116,0.7578964219759371,0.4652774642648946,0.31497184015224083
ppg_green_impulse_factor,0.32017136641510197,0.8729798855884844,0.4562683812662787,0.3492246632842127,0.9236414474796285,0.36586146385523227,0.54171398568218,0.5112021803592203,0.49813167169360495,0.45802402300715117,0.14545533801081145,0.866786934815125,0.8538856431997207,0.8677964192034531,0.2829084041761368,0.26505371579540876,0.4545556329846509,0.4417167955274668,0.4339924456417779,0.1607860749556739,0.022850382083749596,0.337524196108424,0.6470310430651895,0.7785615113830712,0.9234658387086605,0.34977792674712116,0.32017136641510197,0.2829084041761368,0.9968226009092995,0.9222972131738659,0.0,0.9996098698268449,0.013746938058380322,0.7786796218923595,0.7656251123545562,0.7786796218923595,0.7135627828211546,0.1454553380108115,0.866786934815125,0.04026938601683324,0.8400835460561756,0.586662817747611,0.406638240949976
ppg_green_clearance_factor,0.31509650269048367,0.8705468236382424,0.45026446123991026,0.35192789594477536,0.9198168001609301,0.36093910733822504,0.5398985914075664,0.5073505811008253,0.4918137040059942,0.4533543301563149,0.14464330786073787,0.8652241694448773,0.848958345025782,0.8662277630771588,0.2774747864163424,0.2600114252273053,0.4486126876923649,0.43608796931740273,0.4286334980960946,0.15622321550977186,0.02702764828857694,0.34053377552429603,0.6438833614073358,0.7751912488171163,0.9199943223853123,0.34473139354764115,0.31509650269048367,0.2774747864163424,0.994293262376185,0.9318331208682883,0.9996098698268449,0.0,0.014979194237934848,0.7813318768248869,0.7673592312242664,0.7813318768248869,0.7097565222438645,0.14464330786073787,0.8652241694448776,0.04261735842900704,0.8391985355754682,0.5809978790393044,0.40113460480536933
ppg_green_mean_cross_rate,0.13262850947120713,0.10258576777329366,0.09142063588156012,0.12800608335719604,0.04087158471854029,0.13381498365782124,0.17090330279506535,0.11892533076280501,0.07028754052987167,0.1506727748616798,0.023322871284937246,0.048130100921827956,0.16170605031291096,0.04646757734304405,0.1359412173916073,0.1429569143772163,0.09063265732987566,0.08943294244822368,0.0908462435690951,0.1710514824079601,0.16387383403949773,0.13075472409817807,0.12265993005801895,0.08939805589634116,0.04540101402409369,0.1328374906473048,0.13262850947120713,0.1359412173916073,0.01130697074609933,0.051959485232063694,0.013746938058380322,0.014979194237934848,0.0,0.003765809327200137,0.00012464649622053413,0.003765809327200137,0.16264863191443968,0.023322871284937253,0.048130100921827956,0.004225673711984236,0.03306072234981968,0.024770307570227013,0.034914542814313235
ppg_green_tke_mean,0.0036910718060237176,0.6945438232541549,0.11849825415394857,0.5661939004100129,0.7825274117963065,0.04702057174048406,0.20839558487349483,0.20652772271568082,0.4179494605259633,0.47315622515438854,0.09904979042512911,0.950283663123561,0.7021916607790454,0.9501614479543907,0.03272051070661983,0.03326440843238541,0.11658452428550858,0.09912853857850529,0.08959865953659654,0.0859007754590846,0.2761763847170699,0.5631278762407302,0.3573059812553857,0.5720941532406612,0.7891478351118469,0.03683125622407962,0.0036910718060237176,0.03272051070661983,0.7625045581631792,0.746398607514848,0.7786796218923595,0.7813318768248869,0.003765809327200137,0.0,0.9964761746723125,1.0,0.3709636121328374,0.09904979042512914,0.950283663123561,0.0069888118653455965,0.9623789771318475,0.574722496194602,0.29842456380438714
ppg_green_tke_std,0.004438202711213532,0.6834391280720586,0.1081636711309231,0.5690530218121405,0.7738967061287683,0.0379000570802905,0.19232170423347972,0.19255940825363652,0.4211649828769265,0.48115954901680846,0.11774258095370851,0.9451000451182539,0.6832995512199773,0.9450082162578443,0.04013388482950906,0.040439324099170344,0.10627993635905779,0.08881400394622825,0.07933489509164644,0.08796526026839657,0.276019101558549,0.5662590755732911,0.33873894497225965,0.5544656248745641,0.780709632486526,0.0287464402057744,0.004438202711213532,0.04013388482950906,0.7515032597366548,0.7244328050802481,0.7656251123545562,0.7673592312242664,0.00012464649622053413,0.9964761746723125,0.0,0.9964761746723125,0.3392675523900091,0.11774258095370851,0.945100045118254,0.006804514270858272,0.9587130407675801,0.5878451670517708,0.3040995660163129
ppg_green_tke_mean_abs,0.0036910718060237176,0.6945438232541549,0.11849825415394857,0.5661939004100129,0.7825274117963065,0.04702057174048406,0.20839558487349483,0.20652772271568082,0.4179494605259633,0.47315622515438854,0.09904979042512911,0.950283663123561,0.7021916607790454,0.9501614479543907,0.03272051070661983,0.03326440843238541,0.11658452428550858,0.09912853857850529,0.08959865953659654,0.0859007754590846,0.2761763847170699,0.5631278762407302,0.3573059812553857,0.5720941532406612,0.7891478351118469,0.03683125622407962,0.0036910718060237176,0.03272051070661983,0.7625045581631792,0.746398607514848,0.7786796218923595,0.7813318768248869,0.003765809327200137,1.0,0.9964761746723125,0.0,0.3709636121328374,0.09904979042512914,0.950283663123561,0.0069888118653455965,0.9623789771318475,0.574722496194602,0.29842456380438714
ppg_green_tke_p95_abs,0.34600379671218834,0.7407949782272338,0.5157943981167131,0.13911711862035167,0.752367773199538,0.3665429657269272,0.6382841520526132,0.6133536725910287,0.20434492925742573,0.2682696794712634,0.05971514029015697,0.5818410262052363,0.8734396841177093,0.5822463152759653,0.3224929264648423,0.3161600610920925,0.5120371383438275,0.4931737968304994,0.475071264941856,0.16966941179711664,0.0589294682947205,0.12447086285365544,0.7201763187279269,0.7454622764425308,0.7438657109113752,0.35989361705253015,0.34600379671218834,0.3224929264648423,0.727795149917701,0.6141677842204649,0.7135627828211546,0.7097565222438645,0.16264863191443968,0.3709636121328374,0.3392675523900091,0.3709636121328374,0.0,0.05971514029015697,0.5818410262052363,0.011009958183949823,0.5168192611948871,0.3724238899970932,0.3716445942397733
ppg_green_dx_mean,0.00389956117843814,0.1955916576583417,0.04078323444671836,0.11001922098875982,0.17249196471570827,0.00023656961381232427,0.168163701461549,0.13161517400736103,0.06830477054904632,0.07471418208660409,1.0,0.11625062491682077,0.10073745007020615,0.11715587997973015,0.010842395587689622,0.008849997094512644,0.04161839314635386,0.04058828850336243,0.03934141481351018,0.04426819060248834,0.05456509012331883,0.11104633323466366,0.16919292568301839,0.14845738343575235,0.17743102029246005,0.00023260417934405471,0.00389956117843814,0.010842395587689622,0.14801462421908632,0.1462235199200687,0.1454553380108115,0.14464330786073787,0.023322871284937253,0.09904979042512914,0.11774258095370851,0.09904979042512914,0.05971514029015697,0.0,0.11625062491682071,0.013531788270177066,0.11096855233276752,0.11890954896330352,0.07891997380934616
ppg_green_dx_std,0.07851156126869775,0.8135389538882362,0.2281074347263634,0.5588599335043081,0.9003019196167823,0.12189739278677306,0.3500638748903901,0.3446919867924987,0.44936840142063894,0.5214738966496425,0.11625062491682071,1.0,0.858603908226709,0.9999804579488063,0.041626869268645235,0.03698333966127825,0.22507622436572552,0.20477983949972905,0.19109395163645657,0.05062801295704654,0.24303256752538246,0.5498679778972078,0.5129991279067672,0.701709781217481,0.9008281414602881,0.11138541729031563,0.07851156126869775,0.041626869268645235,0.864562492668924,0.776582012483705,0.866786934815125,0.8652241694448776,0.048130100921827956,0.950283663123561,0.945100045118254,0.950283663123561,0.5818410262052363,0.11625062491682071,0.0,0.003353880179311564,0.9952525142257026,0.6792434512193511,0.4127915250993208
ppg_green_ddx_mean,0.062004958189284955,0.005779969275621756,0.04787995327854437,0.05175268625216319,0.003958477644456101,0.06348295756102995,0.012235950613196165,0.028555127002154783,0.03988320981333823,0.041103408141142335,0.013531788270177066,0.003353880179311564,0.0014152225411783468,0.003655389439793594,0.06057729375754304,0.054434783778303956,0.0511844197840668,0.055927158461426554,0.05679619174980261,0.05845660649265996,0.04388391961029637,0.052437875745719904,0.01439151497605696,0.029998315779597745,0.0008328668640183728,0.06242799081021001,0.062004958189284955,0.06057729375754304,0.033699479916151645,0.06405998915171116,0.04026938601683324,0.04261735842900704,0.004225673711984236,0.0069888118653455965,0.006804514270858272,0.0069888118653455965,0.011009958183949823,0.013531788270177066,0.003353880179311564,0.0,0.005615256161772722,0.019977137746756666,0.01791392048258826
ppg_green_ddx_std,0.03459129859832129,0.7734229369470211,0.17215491198835647,0.5858094797810424,0.8666641460146134,0.07910704309047609,0.29218151930080977,0.28747226997398856,0.4566956482787172,0.5212675971480093,0.11096855233276752,0.9952525142257026,0.812022651109321,0.9951639078371213,0.0020508847257133377,0.00664760630848159,0.16940123052930864,0.1504106048810994,0.13829692639388333,0.08203967325952885,0.27316061894142113,0.5773495454918137,0.4565482468841226,0.6541724057067941,0.8674798858742176,0.06798207598737684,0.03459129859832129,0.0020508847257133377,0.8354608544184748,0.7578964219759371,0.8400835460561756,0.8391985355754682,0.03306072234981968,0.9623789771318475,0.9587130407675801,0.9623789771318475,0.5168192611948871,0.11096855233276752,0.9952525142257026,0.005615256161772722,0.0,0.6832962210943863,0.39841791391104564
ppg_green_dx_kurtosis,0.009005875435441676,0.5569381274253438,0.1179786983930219,0.43161362537994236,0.6283434481817376,0.0399212189890044,0.24148971922177484,0.21876091681539325,0.3102271066964588,0.5290181391873785,0.11890954896330352,0.6792434512193511,0.5514172022874014,0.6793738018456527,0.013814967662156024,0.01770596791071873,0.11505579181688567,0.09976369787947116,0.08885703192685282,0.07627099165525789,0.2028162888529928,0.420262302841591,0.33759425787939873,0.4656154947759824,0.6217870651389955,0.0316552031127715,0.009005875435441676,0.013814967662156024,0.5980582098248335,0.4652774642648946,0.586662817747611,0.5809978790393044,0.024770307570227013,0.574722496194602,0.5878451670517708,0.574722496194602,0.3724238899970932,0.11890954896330352,0.6792434512193511,0.019977137746756666,0.6832962210943863,0.0,0.7769471570037797
ppg_green_ddx_kurtosis,0.08184791082438293,0.44815564115493567,0.194591608434812,0.2162464128087652,0.47073184712647453,0.09326791937205454,0.31136760421088244,0.28148695280467345,0.11217263809335247,0.3910828100227907,0.07891997380934616,0.4127915250993208,0.4199826694788382,0.4133206014656855,0.0678033086187556,0.05984895563783103,0.19113698497117543,0.17583568223118576,0.16198958716376896,0.00435657667207634,0.0810722818490297,0.20653374883349132,0.3624298588746373,0.41544565575915815,0.4631852859583049,0.09333835443540373,0.08184791082438293,0.0678033086187556,0.4211556537029073,0.31497184015224083,0.406638240949976,0.40113460480536933,0.034914542814313235,0.29842456380438714,0.3040995660163129,0.29842456380438714,0.3716445942397733,0.07891997380934616,0.4127915250993208,0.01791392048258826,0.39841791391104564,0.7769471570037797,0.0
