,ppg_red_n_peaks,ppg_red_peak_quality,ppg_red_hr_mean,ppg_red_hr_std,ppg_red_hr_min,ppg_red_hr_max,ppg_red_hr_range,ppg_red_hr_median,ppg_red_sdnn,ppg_red_mean_ibi,ppg_red_cv_ibi,ppg_red_rmssd,ppg_red_sdsd,ppg_red_pnn50,ppg_red_pnn20
ppg_red_n_peaks,0.0,0.22584716742096833,0.695730344677591,0.11849462497954012,0.6600136172530667,0.6860632813745484,0.3447658957043735,0.688680154914425,0.5137738452271515,0.6801626290891389,0.2506247268024523,0.49869287804581425,0.45257603856765893,0.5470916115121651,0.47295406787424654
ppg_red_peak_quality,0.22584716742096833,0.0,0.1471945845933735,0.038471144023965995,0.11115910459939461,0.149630660029133,0.14717636391453462,0.15712169651273808,0.0026265031872429474,0.007357802831698159,0.04791418760085431,0.005193648094055709,0.01778767980152548,0.13198390419833336,0.17900136352011942
ppg_red_hr_mean,0.695730344677591,0.1471945845933735,0.0,0.23559848383241,0.970372583242988,0.9726551195838445,0.4104337727418814,0.9941926653715105,0.6474952670301596,0.9581412557150447,0.27359856755371503,0.6384276163886193,0.6213553520362786,0.6767842141157536,0.6305510493572696
ppg_red_hr_std,0.11849462497954012,0.038471144023965995,0.23559848383241,0.0,0.04264133626268169,0.3855418460158826,0.8687220315421977,0.23339972101651912,0.4489428698810343,0.2939331929359231,0.8330088356832703,0.3776917279650761,0.28109068916394137,0.26455721498527895,0.18249662596170746
ppg_red_hr_min,0.6600136172530667,0.11115910459939461,0.970372583242988,0.04264133626268169,0.0,0.919349495658144,0.2167401010743803,0.9562669771248477,0.7473037002216539,0.9243416039432597,0.45033186494784755,0.7200000974732743,0.6940109250155102,0.7304732025821138,0.6643313885408438
ppg_red_hr_max,0.6860632813745484,0.149630660029133,0.9726551195838445,0.3855418460158826,0.919349495658144,0.0,0.5833162891922209,0.9568621572355149,0.5404291614160256,0.9436423603344262,0.13585925278001162,0.5407015306852629,0.5298533154253653,0.5822964703204934,0.5431223533710506
ppg_red_hr_range,0.3447658957043735,0.14717636391453462,0.4104337727418814,0.8687220315421977,0.2167401010743803,0.5833162891922209,0.0,0.40037063034634024,0.20216908549082735,0.4327578333782122,0.5928893523428711,0.1452971377533757,0.11857461925901176,0.06344527293282198,0.023872177024848014
ppg_red_hr_median,0.688680154914425,0.15712169651273808,0.9941926653715105,0.23339972101651912,0.9562669771248477,0.9568621572355149,0.40037063034634024,0.0,0.6404082244112665,0.948403829355479,0.263333347187027,0.6348237807240691,0.6188320274152881,0.6860852970890149,0.640769884582341
ppg_red_sdnn,0.5137738452271515,0.0026265031872429474,0.6474952670301596,0.4489428698810343,0.7473037002216539,0.5404291614160256,0.20216908549082735,0.6404082244112665,0.0,0.6278391135974176,0.8569444637386127,0.947733179664916,0.7968089696057029,0.7447672690086254,0.6109645553818726
ppg_red_mean_ibi,0.6801626290891389,0.007357802831698159,0.9581412557150447,0.2939331929359231,0.9243416039432597,0.9436423603344262,0.4327578333782122,0.948403829355479,0.6278391135974176,0.0,0.21191417524282058,0.6207713204163209,0.595848555854245,0.6073526077188024,0.5547073412287516
ppg_red_cv_ibi,0.2506247268024523,0.04791418760085431,0.27359856755371503,0.8330088356832703,0.45033186494784755,0.13585925278001162,0.5928893523428711,0.263333347187027,0.8569444637386127,0.21191417524282058,0.0,0.7826536062189662,0.6421616675139273,0.6033159426860419,0.47467031521285125
ppg_red_rmssd,0.49869287804581425,0.005193648094055709,0.6384276163886193,0.3776917279650761,0.7200000974732743,0.5407015306852629,0.1452971377533757,0.6348237807240691,0.947733179664916,0.6207713204163209,0.7826536062189662,0.0,0.8912717466249352,0.7855541298907641,0.6381979422548186
ppg_red_sdsd,0.45257603856765893,0.01778767980152548,0.6213553520362786,0.28109068916394137,0.6940109250155102,0.5298533154253653,0.11857461925901176,0.6188320274152881,0.7968089696057029,0.595848555854245,0.6421616675139273,0.8912717466249352,0.0,0.7303606721169361,0.5961581471009137
ppg_red_pnn50,0.5470916115121651,0.13198390419833336,0.6767842141157536,0.26455721498527895,0.7304732025821138,0.5822964703204934,0.06344527293282198,0.6860852970890149,0.7447672690086254,0.6073526077188024,0.6033159426860419,0.7855541298907641,0.7303606721169361,0.0,0.7795006909009586
ppg_red_pnn20,0.47295406787424654,0.17900136352011942,0.6305510493572696,0.18249662596170746,0.6643313885408438,0.5431223533710506,0.023872177024848014,0.640769884582341,0.6109645553818726,0.5547073412287516,0.47467031521285125,0.6381979422548186,0.5961581471009137,0.7795006909009586,0.0
