,PC1,PC2,PC3,PC4,PC5,PC6,PC7,PC8,PC9,PC10,PC11,PC12,PC13,PC14,PC15,PC16,PC17,PC18,PC19,PC20
ppg_infra_mean,-0.014844016465759629,0.11053654808656306,-0.29755619019362306,0.27906749793575225,-0.5239305044998761,-0.3081465175540533,0.233969591566022,-0.0344588072615963,0.454530433648454,-0.020466639391976103,0.04050631214065488,0.409894122444575,-0.0980724947144446,0.07361120937320818,0.0309436166514779,-0.028217184189156332,0.03500228120934126,-0.03127189924199767,0.002993061525183129,0.009110464102849138
ppg_infra_max,0.29299276521571915,-0.2069439582834691,0.11807711096017895,0.2988864536557441,-0.07140796870974195,0.05748170552572387,-0.11180402459802292,-0.09856960121944179,0.06596651478044357,-0.017507115957129237,-0.10735042500913919,-0.043499846474822426,-0.10083669568080027,0.013641082974718596,0.09267831387241629,0.10198535422605698,-0.6325434621609846,0.35134913298011045,-0.10831630837376648,-0.39335235095439325
ppg_infra_median,0.009012032576479442,0.02525246806903993,-0.23838162749189276,0.026882482557874333,-0.6134092344779922,0.45203928298726603,-0.057594294423512625,0.17897076137756304,-0.5615651715624068,0.0057901237590453755,0.0878692312223282,0.01885742057909805,-0.009037306528004989,0.0003608983957893893,-0.011365434596889237,-0.0379663160570513,-0.020771564395868136,0.013519566241495449,0.004383192710368715,0.004811604952611489
ppg_infra_mad,0.0737645502204759,-0.3378520552058449,0.1465645134490227,-0.4554078763460643,-0.156003049846479,0.05718539297590942,0.26814239338997325,0.1499431213561659,0.1817800722788026,0.08731807019078934,0.06479059753109825,-0.022467391350788353,0.08688696116406422,-0.006813798443509468,0.398137309815447,-0.5506241345560235,-0.07461394838643419,0.09622125310742263,-0.00721887951766071,0.0013895172123509585
ppg_infra_skew,-0.039565640846762486,-0.08279079550511004,0.3052583955132207,0.2410666704196018,-0.11130331365470293,-0.5548296521251247,0.46395693936872584,-0.0007095700512295623,-0.4892991181158009,0.146209083813888,0.0754721820508379,-0.19122218123521864,0.030628771886695,-0.02168926711918277,0.00026183285641796615,0.011485055561397579,-0.0029339705410781013,0.003271680338627414,0.011841310998115357,0.007124271648217987
ppg_infra_kurtosis,0.2860662769163448,0.2686906156697855,0.026339095141901903,-0.10461047677189346,0.005929721533844665,-0.00662776327924922,-0.08000005125691004,-0.06102352339545259,0.06234803798925929,0.5123029781057304,0.4888823174697772,-0.03822123660439115,-0.3836002760631151,-0.4028427409206511,-0.0016316680175905403,0.014624291217958555,-0.0018788637932741813,-0.00015056072447214302,-0.0870990937911957,0.009229608229885864
ppg_infra_diff_mean_abs,0.2248076635735421,-0.3742599775741074,0.030995008338884467,-0.21162915042525363,-0.10189644141500448,-0.042035405229564726,0.06647444357529893,0.12084711650519968,0.09368969828601388,0.011866821546479554,0.04122339147098601,0.023757718996368467,0.0023327431198653928,-0.0009851546388064615,-0.7440085991550331,-0.00710873389287084,-0.18148088925551958,-0.35877291239555326,0.062377416195437366,-0.04624154405887187
ppg_infra_signal_energy,0.2856368420983259,-0.22355794539586257,-0.07201597003418606,0.3258043633429431,0.09667193345905685,0.024898412002514227,-0.12826584731729557,-0.06790104341234306,-0.04649767141110154,0.0004980981709658211,-0.027165736467325462,0.03254009003241864,0.017721386861531265,-0.0497430884075228,0.21485272900651722,-0.0973058405879702,-0.23507660144911868,-0.2901821515309063,0.02227642596263912,0.7236919194407476
ppg_infra_zcr,-0.04604172411636906,-0.1117999683644324,0.0042852917055914595,-0.2262381226113014,-0.21964294774330392,-0.5571773997195034,-0.7021755077283387,0.20613175844227305,-0.08540590126913518,-0.10859397078901717,0.059975582970061336,-0.02152907273861813,-0.010092610231836049,0.00041249793130088516,0.12632199815618683,0.023920880020665725,-0.0063209365313770215,0.008647634169568229,-0.005151834961072626,-0.005319422910789078
ppg_infra_p10,-0.22763525358551606,0.3546057720197252,-0.15155267176905468,0.1637358946576021,0.15514804311953742,-0.10600056273887647,-0.1351667097639966,-0.02229500599319081,-0.09591180974115635,0.04597280893525208,0.015902489943745456,0.02335166697705886,0.1453015020059444,-0.041390141608242885,-0.28886309912081365,-0.7058295780038327,-0.3108356749831288,0.06582204473970076,-0.015113113599083128,-0.028838496131621816
ppg_infra_trim_mean_10,0.028175652973344744,-0.030831206589128947,-0.6049113895287118,0.015063748975910448,0.0006284318088449021,-0.10900066798656641,0.12433941866321815,0.18993247687528453,0.17362724111796524,0.08586339860228295,-0.08156046143116172,-0.6915284029933784,0.13624996419396015,-0.11796896259364374,0.03149954856150938,0.0975315442426325,-0.04228691010229908,0.036964162225160885,-0.006562706383619557,-0.011364391227601078
ppg_infra_crest_factor,0.28702436391555614,0.24992205226044548,0.06844058454599765,-0.14285859060373496,-0.0992293484242799,-0.06910966677517505,-0.02180897189748157,0.07390206332319918,-0.05326516648737692,0.36625910292428243,-0.7045390683143817,0.10481577948106742,0.12486359886011357,-0.041867261098026076,-0.014412632397013313,-0.004206401150284166,0.07268997458647347,-0.08161105241192308,-0.367815787612036,0.01889781846687293
ppg_infra_shape_factor,0.2760193606654142,0.2337183870350097,0.05023623861488345,0.030706555465228085,0.11052526876096695,-0.03218702713526371,0.12608634236379698,0.42114223859997946,-0.02976623688816107,-0.45853035564890954,-0.04354510654657795,-0.1333194526721986,-0.5675279526237063,0.20499166600673438,-0.0066241254766183045,-0.1681191523645953,0.06059215094082684,-0.035070464370722906,-0.1747084299573255,0.023745026746699843
ppg_infra_impulse_factor,0.3123938338303433,0.25706333038165335,0.07716489150255387,-0.035398842650553666,-0.0007753868141414293,-0.03169308314786585,0.008975998970641635,0.20739156158428276,0.00944644205508123,0.058805124135154374,-0.15351538576718385,0.04934167360885919,0.08867110941139972,-0.006065974944698419,0.00864725065926631,0.026440371426362245,-0.032856474641823924,0.1639199538620461,0.8475684717328972,0.021919430361332124
ppg_infra_clearance_factor,0.2881284087162643,0.24189415631121897,0.09594541477413221,0.05375707394169757,0.0663783339665355,0.004557284893155913,0.06277175557361862,0.3417343284906825,0.05085132162558812,-0.19619475768137615,0.3863521679788915,0.1267940029279192,0.6428029415416154,-0.04181604343687482,0.05413667487209208,0.1464864668694702,-0.05869925060294669,-0.04770038785344442,-0.25882609920714794,-0.05250039917509589
ppg_infra_tke_std,0.24549053142082938,-0.22509665134476248,-0.28631867100408354,0.21122901566203212,0.24965277428955668,-0.045153054515675375,-0.05619923216780777,-0.015359685055937882,-0.1923314769702347,0.03491460639725009,-0.013153862053137578,0.19367570555915037,-0.0014016409992336615,-0.0940057134214185,0.22562015953619655,-0.19873092660889108,0.2719976441757007,-0.39453471586252625,0.10550936577087534,-0.5280212548832015
ppg_infra_dx_mean,-0.16816464964406916,0.057804393687057073,-0.3634348311596982,-0.38212299851481263,0.27202157573644764,-0.13127777482364747,0.22731999567439698,0.1207795718606025,-0.24064578506649317,0.05076600878585144,0.003260178595275591,0.37295038972797895,-0.12704421231065893,0.06633091240373198,0.14285764761479464,0.2637484435086552,-0.46716336460491387,-0.05749158837952122,-0.0007855167301949965,0.033696879786236804
ppg_infra_ddx_std,0.2541168591826007,-0.28165846136599687,-0.2720271767365469,0.000777734285063241,0.1861875241592949,-0.09504834306995207,0.01792804835866491,0.007515536977547008,-0.14402151005228803,0.0050578664221639915,0.0413001583365361,0.24430699603830114,0.028283513004230255,-0.01550192515207337,-0.2383315079772121,-0.061145238848634806,0.3142601712846581,0.6696831271457434,-0.11515618712648429,0.18379245475274844
ppg_infra_dx_kurtosis,0.30207453463702466,0.1473826579888462,-0.11546528154752576,-0.1690743731986254,-0.028811617512863173,-0.06251061079839956,-0.042990617523293105,-0.41623952980297957,-0.06813766657611507,0.13085234772277107,0.19559181510007123,-0.15461338469336527,0.07737697062412317,0.7552342663769772,0.01765601104225783,-0.04051505364689929,0.010848201137083634,-0.05056809652521367,-0.007501012787669374,-0.017114736094644777
ppg_infra_ddx_kurtosis,0.233683104843392,0.15855229600472154,-0.08075487955443329,-0.28590294825756263,-0.1305238852867338,-0.10606324103356154,0.10409726316070195,-0.5493915904262523,-0.11439265903127288,-0.5282755788944528,-0.07760770990084884,-0.05383824763127164,0.05225968945249838,-0.4290395317353646,0.004752668319658564,-0.03395739310563207,-0.037784100295595396,-0.01988810115146107,0.012280824979096362,0.0005585242009921424
