,PC1,PC2,PC3,PC4,PC5,PC6,PC7,PC8,PC9,PC10,PC11,PC12,PC13,PC14,PC15,PC16,PC17,PC18,PC19,PC20
ppg_infra_tke_std,0.24549053142082908,-0.22509665134476284,-0.28631867100408337,0.21122901566203275,0.2496527742895555,-0.04515305451567579,-0.05619923216780773,-0.015359685055937789,-0.19233147697023475,0.03491460639725027,-0.013153862053137712,0.1936757055591502,-0.0014016409992335627,-0.09400571342141703,0.2256201595361978,-0.19873092660889077,0.2719976441757022,-0.3945347158625253,0.10550936577087952,-0.5280212548832002
ppg_infra_p10,-0.22763525358551565,0.3546057720197253,-0.15155267176905482,0.16373589465760263,0.15514804311953748,-0.1060005627388766,-0.13516670976399767,-0.02229500599319074,-0.09591180974115611,0.045972808935252074,0.01590248994374553,0.02335166697705934,0.14530150200594447,-0.041390141608245216,-0.28886309912081265,-0.7058295780038341,-0.3108356749831277,0.06582204473970077,-0.015113113599083848,-0.028838496131622378
ppg_infra_max,0.2929927652157187,-0.20694395828346876,0.11807711096017973,0.29888645365574407,-0.07140796870974206,0.057481705525724305,-0.1118040245980232,-0.09856960121944182,0.0659665147804441,-0.017507115957129147,-0.10735042500913926,-0.04349984647482215,-0.10083669568080061,0.013641082974719205,0.0926783138724169,0.10198535422605604,-0.632543462160982,0.3513491329801103,-0.1083163083737697,-0.39335235095439536
ppg_infra_signal_energy,0.2856368420983259,-0.22355794539586227,-0.07201597003418557,0.3258043633429444,0.09667193345905602,0.02489841200251404,-0.1282658473172958,-0.06790104341234317,-0.046497671411101095,0.0004980981709658685,-0.027165736467325657,0.03254009003241868,0.017721386861530738,-0.04974308840752055,0.21485272900651783,-0.09730584058796961,-0.2350766014491205,-0.29018215153090576,0.02227642596264109,0.723691919440747
ppg_infra_ddx_std,0.2541168591826004,-0.28165846136599687,-0.27202717673654697,0.0007777342850636464,0.18618752415929407,-0.09504834306995233,0.017928048358665037,0.0075155369775472955,-0.14402151005228833,0.005057866422163975,0.04130015833653598,0.24430699603830128,0.028283513004230525,-0.015501925152075702,-0.2383315079772123,-0.061145238848634154,0.31426017128465816,0.6696831271457417,-0.1151561871264903,0.18379245475274883
ppg_infra_dx_mean,-0.1681646496440688,0.057804393687056636,-0.363434831159699,-0.3821229985148119,0.27202157573644686,-0.1312777748236486,0.22731999567439784,0.12077957186060215,-0.24064578506649378,0.050766008785851496,0.0032601785952755917,0.3729503897279793,-0.127044212310659,0.06633091240373289,0.14285764761479483,0.263748443508655,-0.46716336460491387,-0.05749158837952097,-0.0007855167301945925,0.033696879786235784
ppg_infra_diff_mean_abs,0.22480766357354184,-0.37425997757410767,0.03099500833888406,-0.21162915042525407,-0.10189644141500437,-0.0420354052295652,0.06647444357529902,0.12084711650519955,0.09368969828601385,0.011866821546479434,0.04122339147098613,0.023757718996368905,0.0023327431198662454,-0.000985154638812414,-0.744008599155033,-0.007108733892871245,-0.18148088925552056,-0.3587729123955524,0.06237741619544044,-0.04624154405887252
ppg_infra_crest_factor,0.28702436391555625,0.24992205226044548,0.06844058454599757,-0.14285859060373524,-0.09922934842427993,-0.06910966677517512,-0.02180897189748152,0.07390206332319908,-0.0532651664873769,0.3662591029242839,-0.704539068314381,0.10481577948106702,0.12486359886011406,-0.041867261098025715,-0.014412632397012756,-0.004206401150284335,0.07268997458647333,-0.08161105241192657,-0.3678157876120349,0.01889781846687312
ppg_infra_impulse_factor,0.3123938338303432,0.25706333038165324,0.07716489150255372,-0.03539884265055382,-0.0007753868141412237,-0.03169308314786609,0.008975998970642057,0.20739156158428285,0.009446442055081215,0.0588051241351544,-0.15351538576718368,0.049341673608858834,0.08867110941139952,-0.00606597494469855,0.008647250659266414,0.02644037142636255,-0.03285647464182417,0.16391995386205394,0.8475684717328961,0.021919430361332735
ppg_infra_dx_kurtosis,0.3020745346370246,0.1473826579888459,-0.11546528154752618,-0.16907437319862523,-0.028811617512863652,-0.06251061079839891,-0.04299061752329379,-0.41623952980297957,-0.06813766657611538,0.13085234772277102,0.1955918151000718,-0.15461338469336455,0.07737697062412102,0.7552342663769774,0.01765601104225187,-0.04051505364689963,0.010848201137083801,-0.050568096525213456,-0.007501012787668684,-0.01711473609464515
ppg_infra_clearance_factor,0.28812840871626444,0.24189415631121874,0.09594541477413228,0.053757073941697715,0.06637833396653585,0.004557284893155404,0.06277175557361901,0.3417343284906822,0.05085132162558856,-0.1961947576813767,0.3863521679788911,0.12679400292791967,0.6428029415416153,-0.04181604343687279,0.054136674872093324,0.14648646686946987,-0.058699250602946874,-0.04770038785344659,-0.25882609920714755,-0.05250039917509631
ppg_infra_mad,0.07376455022047589,-0.337852055205845,0.1465645134490221,-0.45540787634606444,-0.1560030498464779,0.057185392975909306,0.2681423933899737,0.14994312135616594,0.18178007227880247,0.08731807019078949,0.06479059753109861,-0.022467391350788322,0.08688696116406334,-0.006813798443506407,0.3981373098154473,-0.5506241345560241,-0.07461394838643322,0.09622125310742272,-0.007218879517661539,0.0013895172123513187
ppg_infra_kurtosis,0.2860662769163447,0.2686906156697852,0.026339095141901615,-0.1046104767718934,0.005929721533844832,-0.006627763279248874,-0.08000005125691018,-0.06102352339545196,0.062348037989259135,0.5123029781057293,0.48888231746977817,-0.038221236604391064,-0.38360027606311453,-0.40284274092065225,-0.001631668017587461,0.014624291217958838,-0.0018788637932742268,-0.0001505607244731439,-0.08709909379119629,0.009229608229886109
ppg_infra_ddx_kurtosis,0.233683104843392,0.1585522960047213,-0.08075487955443372,-0.2859029482575627,-0.13052388528673406,-0.10606324103356078,0.10409726316070118,-0.5493915904262531,-0.11439265903127291,-0.5282755788944524,-0.07760770990084957,-0.053838247631271506,0.05225968945249979,-0.4290395317353642,0.004752668319662106,-0.03395739310563192,-0.0377841002955957,-0.019888101151460984,0.012280824979096414,0.0005585242009921872
ppg_infra_shape_factor,0.27601936066541416,0.23371838703500963,0.050236238614883334,0.03070655546522769,0.11052526876096726,-0.03218702713526432,0.1260863423637975,0.42114223859997935,-0.029766236888160876,-0.4585303556489098,-0.04354510654657915,-0.13331945267219822,-0.5675279526237065,0.2049916660067333,-0.006624125476620774,-0.16811915236459532,0.060592150940826844,-0.03507046437072452,-0.17470842995732522,0.023745026746699864
ppg_infra_mean,-0.014844016465759764,0.11053654808656317,-0.2975561901936221,0.27906749793575225,-0.5239305044998754,-0.3081465175540527,0.2339695915660221,-0.034458807261596815,0.45453043364845525,-0.02046663939197617,0.04050631214065481,0.4098941224445751,-0.09807249471444515,0.07361120937320807,0.030943616651477265,-0.028217184189156225,0.035002281209341755,-0.03127189924199715,0.0029930615251835655,0.009110464102848775
ppg_infra_skew,-0.039565640846762416,-0.08279079550510908,0.30525839551322215,0.241066670419602,-0.111303313654703,-0.5548296521251254,0.4639569393687257,-0.000709570051230326,-0.4892991181158002,0.1462090838138876,0.07547218205083817,-0.1912221812352191,0.030628771886695102,-0.021689267119182704,0.0002618328564179652,0.01148505556139718,-0.0029339705410781607,0.0032716803386272568,0.011841310998115142,0.007124271648217892
ppg_infra_zcr,-0.04604172411636912,-0.11179996836443241,0.004285291705591482,-0.22623812261130172,-0.21964294774330423,-0.5571773997195035,-0.7021755077283391,0.20613175844227313,-0.08540590126913426,-0.10859397078901731,0.05997558297006082,-0.021529072738618163,-0.010092610231836233,0.00041249793130202975,0.12632199815618694,0.0239208800206658,-0.006320936531377098,0.008647634169568343,-0.005151834961072778,-0.005319422910789053
ppg_infra_median,0.009012032576479282,0.025252468069040426,-0.23838162749189226,0.026882482557874954,-0.6134092344779923,0.45203928298726503,-0.05759429442351187,0.1789707613775646,-0.5615651715624069,0.0057901237590448715,0.08786923122232818,0.01885742057909703,-0.009037306528004881,0.00036089839578916453,-0.01136543459688944,-0.037966316057051364,-0.020771564395868206,0.013519566241495416,0.0043831927103684075,0.004811604952611246
ppg_infra_trim_mean_10,0.028175652973344487,-0.030831206589129117,-0.6049113895287122,0.01506374897591105,0.0006284318088445994,-0.1090006679865673,0.12433941866321856,0.18993247687528422,0.1736272411179655,0.08586339860228334,-0.08156046143116133,-0.6915284029933787,0.1362499641939605,-0.11796896259364281,0.0314995485615102,0.09753154424263254,-0.04228691010229897,0.03696416222516047,-0.006562706383620165,-0.01136439122760112
