,PC1,PC2,PC3,PC4,PC5,PC6,PC7,PC8,PC9,PC10,PC11,PC12,PC13,PC14,PC15,PC16,PC17
ppg_green_iqr,0.3094541950494806,-0.13273032429729534,-0.220010267800932,-0.19685332657279564,0.15645123518201218,-0.06466800848833738,0.18428156803572726,-0.09892137464319103,0.015970301965578894,0.4576952279230246,-0.11388432163659329,0.0856527835819205,0.6387597587264496,-0.2163320386374329,0.19110805795783883,-0.02164741425227283,-0.07218342011087382
ppg_green_mad,0.2762079361125281,-0.222628417389567,-0.20875666266681872,-0.18640932004663474,0.229693039102824,-0.12242744610665696,0.2910147097997267,-0.1904080500290143,0.19443809372743948,0.24245880836507036,-0.0822515530435835,-0.046141716839391174,-0.5891965643079997,0.371973076042846,0.12310571193595313,-0.029121005435942586,0.010926772796768347
ppg_green_skew,0.09503872412316625,-0.06255407085895082,0.03569527458107533,0.4814326800526379,-0.14839032505374683,0.692531731181193,0.229013762583392,-0.3483393396965815,0.17864549665223695,0.08625272980619517,0.057747875722683924,-0.07094300226613154,0.09954826825675173,0.13791833333048098,-0.026713367922732555,0.02873058178409885,0.020092696671569047
ppg_green_kurtosis,0.07070269900420686,0.0844566232804711,0.5694599181492718,-0.07602610032172366,-0.0767582904333402,-0.062268050826230714,-0.0024032453633740787,0.3446113202238429,0.6696032773155204,0.2485099050650666,0.0038058376673896386,-0.037695001788687954,0.07828377818696422,0.10285489133857281,-0.02863610903141699,0.009752134221892758,0.009382376088289207
ppg_green_diff_mean,-0.0557393081469563,-0.010015824693478231,0.1408659307731223,0.42150982648908375,0.4949708390633538,-0.3190286955241822,-0.4605458269679771,-0.45261104982552736,0.15971060821617097,0.07230664653392481,-0.018352148966249284,0.02561737285062577,0.057693892509033555,0.00807680730691946,-0.01666882399137092,-0.011711712377024468,0.002606267151207808
ppg_green_diff_mean_abs,0.3724029940251675,0.01558528055044161,-0.021499613520687362,0.08489817699957658,-0.08374460207781788,-0.1464924144580465,-0.006091632670856146,-0.0172334093399023,0.043455514951085635,-0.20309633827960522,-0.07551221506407292,-0.37494846827563766,-0.013512255349853883,-0.1588964273398513,0.02742745494184583,0.778861183440223,-0.04861351731765162
ppg_green_signal_energy,-0.05865320780557258,0.6391694567471872,-0.09839022495835828,-0.032998290164349575,0.08329055960806736,-0.029297552787854717,0.2066912653488739,-0.1362124529308915,0.1110296365362512,0.0018559176649656484,0.03345707977582921,0.10453479674750156,-0.03522583634948992,-0.12263049354578193,0.2316386468539819,0.07215403079271002,0.6392669387060791
ppg_green_p90,0.059793127372024336,0.6424256059060026,-0.13952473161833145,-0.01305568181996096,0.0507484967531494,-0.04693483572791671,0.15853349696001773,-0.11608463557984268,0.08840005236663585,0.015418413035534456,0.05674456746744233,0.0052125132327084265,-0.036372788599654066,0.014781400499099174,-0.23101654695506146,-0.07278565987337689,-0.670210743333124
ppg_green_p90_p10,0.3726970444696867,0.024062458090171792,-0.14532897781855492,-0.005925926270669242,-0.02195557885329884,-0.05540867186877247,-0.08243602966383862,0.0358770584364692,-0.02130940755864562,0.0790292627802256,0.05119419276315049,-0.16921548398223552,0.03775031246384372,-0.024894733217442146,-0.7870212600436672,-0.2038688181897128,0.35603794579574527
ppg_green_crest_factor,0.35890168173574666,-0.09493209387746825,0.03438106836961568,0.11523512969022291,-0.001687382650738892,0.1125284151645884,-0.04894221754920023,0.04778381992338625,0.1666171496526264,-0.12821512820832637,-0.0016207697160922879,0.36268973740745913,-0.34958347779401955,-0.6969772198827688,0.08104637135172904,-0.1839782699762122,-0.07888551544966903
ppg_green_shape_factor,0.33102148792783137,0.09554105729431717,-0.0987781523490426,0.1408745397753116,-0.11745340865143691,0.00027227572935885276,-0.27000905076855813,0.19722471609793651,-0.14026648150410162,0.12027078705157021,0.3113213332818595,0.6097041366553384,0.02556653004592059,0.3943576435599097,0.04984147228183549,0.25405218367948074,0.009895976007933743
ppg_green_mean_cross_rate,-0.02259937412060307,-0.056387510421963376,0.23804679407071927,0.27981314060504364,-0.5580820242939577,-0.5204099073352455,0.33016184105476337,-0.2724016042634728,-0.18482581550946656,0.195392043630511,-0.0021225010443854087,0.11114810592577866,-0.047381937429581016,-0.05536502507255264,-0.03128169712194711,-0.06922726420992259,0.008844343579733733
ppg_green_tke_std,0.29559999280284527,0.23398102660919332,-0.010669333232625653,0.21820072606907212,-0.15464098540027435,0.03441059048377394,-0.3240868984755564,0.20782519588168005,-0.2418386358163115,0.25550090265746983,-0.0815772268144747,-0.4681434906389391,-0.10986327094047926,0.0424062158141172,0.3978795376907645,-0.33912262404372573,-0.00814027739278294
ppg_green_tke_p95_abs,0.33816908271770935,-0.04661675259505675,-0.01948309413401244,0.02789566004470975,-0.034637153129085274,-0.19737411011511752,0.13600068089007844,-0.06110968378310919,0.1897864800704608,-0.681738887610819,0.07339406060621943,-0.026584056583520612,0.2882393314012823,0.26363286982838546,0.1999138596848385,-0.34669489170959594,0.017222663627500297
ppg_green_ddx_mean,0.058237082423601226,-0.0022717455075508433,0.22342596041347218,0.4003987511367695,0.512846052089609,-0.05134086536039521,0.4791623774761215,0.43325062847147733,-0.3162230344640686,-0.016678056108848965,0.010440140769596443,0.0020492232603326697,0.010159791846555216,0.007602541000596257,-0.0518338979516693,0.012659502278627943,0.004349268201198341
ppg_green_dx_kurtosis,0.2273961677725296,0.14603466178195862,0.4234865085813978,-0.2198060445807501,0.03161486362283941,0.17379283449365637,-0.066886925180813,-0.1944760404414611,-0.28221206169756835,-0.09820474987667402,-0.6794433676623085,0.21516405023442212,0.00017055525356528332,0.1501547255517003,-0.0740175830934109,0.01735272370004955,0.016069564581010304
ppg_green_ddx_kurtosis,0.17456244939580795,0.005618674794000557,0.46316819660148295,-0.36650580406911093,0.13590693396594142,0.10729271188074997,0.014220816422667487,-0.2958976655155983,-0.27914491341825665,0.022709989410565946,0.6270524342795298,-0.14645085576838293,-0.030539738145639997,-0.07603157232322998,0.05348936389460588,-0.009414628941915233,-0.012710645680788859
