,eda_cc_mean,eda_cc_std,eda_cc_min,eda_cc_max,eda_cc_range,eda_cc_median,eda_cc_iqr,eda_cc_mad,eda_cc_rms,eda_cc_mean_abs_diff,eda_cc_slope,eda_cc_skew,eda_cc_kurtosis,eda_stress_skin_mean,eda_stress_skin_std,eda_stress_skin_min,eda_stress_skin_max,eda_stress_skin_range,eda_stress_skin_median,eda_stress_skin_iqr,eda_stress_skin_mad,eda_stress_skin_rms,eda_stress_skin_mean_abs_diff,eda_stress_skin_slope,eda_stress_skin_skew,eda_stress_skin_kurtosis
eda_cc_mean,0.0,0.04243345933179747,0.9999998387043213,0.9999998385216341,0.04245577659969529,0.999999999957148,0.042437770463116996,0.042464682163402954,0.9999999999999992,0.04229850299556383,0.4238991665366892,0.0351711132936298,0.00865938831459433,0.15639924874777944,0.07916700839647418,0.15686355938031388,0.15593870020812228,0.07916796424799714,0.15639502119688123,0.07916363474690674,0.07900426799583579,0.15640457710321903,0.07839784461455113,0.22030509418172217,0.011831599996811923,0.0743373017121758
eda_cc_std,0.04243345933179747,0.0,0.04300069238524253,0.041865869152987775,0.9999564456488368,0.04243353326470059,0.9999234335792794,0.9998694926779087,0.04243341193407248,0.9999380746345251,0.002993957281188951,0.025630788101903796,0.03340605110261851,0.035558540325153855,0.0947239013695409,0.03450299701153316,0.0365916835182411,0.0946381158623441,0.035557185013889374,0.0947396233050629,0.09457443903870422,0.03557899077194463,0.0943887717042753,0.011665954895924122,0.013230607034937204,0.04671146269572955
eda_cc_min,0.9999998387043213,0.04300069238524253,0.0,0.9999993548703134,0.04302304490915876,0.9999998385760833,0.043004927887219165,0.04303187242973886,0.9999998386773878,0.042865770590646474,0.42389073731208193,0.03517183070896059,0.008677187640723356,0.15641584975403042,0.07921907930870555,0.1568795493569409,0.15595590047200195,0.07921998692831597,0.15641162129968356,0.0792156913848706,0.07905617708997427,0.1564211895687455,0.07844978780572295,0.2202931075029877,0.011825420246853477,0.07430860336169692
eda_cc_max,0.9999998385216341,0.041865869152987775,0.9999993548703134,0.0,0.041888173236808046,0.9999998383179677,0.04187030144249859,0.04189727460258784,0.999999838548584,0.04173090989197774,0.4239077365639329,0.0351442903422382,0.008646374081449925,0.15638293869767678,0.07911523195133761,0.15684786042469426,0.1559217930257899,0.07911621567592242,0.15637871150216937,0.07911185959210239,0.07895252858171366,0.15638825566680567,0.07834626597362188,0.2203169974086414,0.011840517387024069,0.07436551862834327
eda_cc_range,0.04245577659969529,0.9999564456488368,0.04302304490915876,0.041888173236808046,0.0,0.04245584293727481,0.999783541505377,0.9997595149440849,0.0424557292070955,0.9999836709471572,0.003044897450804897,0.02571629994876206,0.027470381378300896,0.035587566392219876,0.0947019686177899,0.03453233696555377,0.036620320549529704,0.09463506921849303,0.035586279661443544,0.09468813497754554,0.09452015528642577,0.0356078868729236,0.09438299296525202,0.011659623355462443,0.01277659481786731,0.04690485682214903
eda_cc_median,0.999999999957148,0.04243353326470059,0.9999998385760833,0.9999998383179677,0.04245584293727481,0.0,0.042437835204417435,0.04246471167207674,0.9999999999571436,0.04229856692553419,0.42389911632336613,0.03517902473158857,0.008658380536861444,0.15639917089631775,0.07916693321228395,0.15686348143277867,0.15593862179816456,0.07916789384497663,0.1563949435631483,0.07916356740514958,0.07900423994794872,0.15640449921974786,0.07839774844767242,0.2203050899153741,0.01183101137315833,0.07433729781580525
eda_cc_iqr,0.042437770463116996,0.9999234335792794,0.043004927887219165,0.04187030144249859,0.999783541505377,0.042437835204417435,0.0,0.9999470043995442,0.04243772306492818,0.9997634374478487,0.00308215930906621,0.023736989583507565,0.04438107180237153,0.03557388083381104,0.09482904107799411,0.03451734055550891,0.036608190554333446,0.09472109541508204,0.03557244549272998,0.09488515909883947,0.09473641218840534,0.03559442467222527,0.09446953856580509,0.011630617151401899,0.012988252130399136,0.04673696091985031
eda_cc_mad,0.042464682163402954,0.9998694926779087,0.04303187242973886,0.04189727460258784,0.9997595149440849,0.04246471167207674,0.9999470043995442,0.0,0.042464634766602435,0.9997372800052555,0.0032424456586641055,0.022251505644148028,0.046030029946602484,0.035664241773152486,0.09492247451276208,0.03460691146340248,0.03669884694471178,0.0948206653747576,0.0356629959847611,0.09498617659226276,0.09488111452168474,0.035684672220118625,0.09455169853891636,0.01161858710713164,0.011874674219886704,0.046957199033345574
eda_cc_rms,0.9999999999999992,0.04243341193407248,0.9999998386773878,0.999999838548584,0.0424557292070955,0.9999999999571436,0.04243772306492818,0.042464634766602435,0.0,0.04229845559956704,0.42389917119684833,0.03517111238170703,0.008659386699631746,0.15639924529556065,0.07916699980848581,0.15686355602131186,0.1559386966645024,0.07916795566547599,0.15639501774482964,0.07916362615910572,0.07900425942000835,0.1564045736494576,0.07839783604614246,0.22030509141762789,0.011831600706951995,0.0743373045132663
eda_cc_mean_abs_diff,0.04229850299556383,0.9999380746345251,0.042865770590646474,0.04173090989197774,0.9999836709471572,0.04229856692553419,0.9997634374478487,0.9997372800052555,0.04229845559956704,0.0,0.0029936157987604578,0.02431014803237369,0.02604586671933445,0.03555844966598791,0.09477591249899575,0.034502463882448445,0.03659308130610875,0.09470279631395906,0.035556827160724905,0.09475876357768696,0.09456245374781656,0.03557879289150962,0.09445045913323603,0.011574287103355244,0.013338969020905011,0.046878937010470335
eda_cc_slope,0.4238991665366892,0.002993957281188951,0.42389073731208193,0.4239077365639329,0.003044897450804897,0.42389911632336613,0.00308215930906621,0.0032424456586641055,0.42389917119684833,0.0029936157987604578,0.0,0.00561548636755939,0.01242062966811446,0.15770966553297064,0.21498649055513455,0.1561322368225381,0.15925542381584118,0.21503820366457005,0.15770461945401731,0.21487252770837229,0.21460145318154222,0.15772778999551293,0.21520492860451765,0.0635275046408808,0.0028272536216814525,0.01704912966089448
eda_cc_skew,0.0351711132936298,0.025630788101903796,0.03517183070896059,0.0351442903422382,0.02571629994876206,0.03517902473158857,0.023736989583507565,0.022251505644148028,0.03517111238170703,0.02431014803237369,0.00561548636755939,0.0,0.08965421441519109,0.004539058047499027,0.010894492360474184,0.004498482070110925,0.004695828974564426,0.009812851714717864,0.004509362126925033,0.010361010659869309,0.005049177669951998,0.0045437671305002805,0.012845736298065603,0.0022493476899623304,0.01083898486031498,0.005554508603325388
eda_cc_kurtosis,0.00865938831459433,0.03340605110261851,0.008677187640723356,0.008646374081449925,0.027470381378300896,0.008658380536861444,0.04438107180237153,0.046030029946602484,0.008659386699631746,0.02604586671933445,0.01242062966811446,0.08965421441519109,0.0,0.009365882260972952,0.008363621783350577,0.009307920436213727,0.009362558733941222,0.008387441958895363,0.009379224679558698,0.010289087936011253,0.014192464255658486,0.009364980648538506,0.007608011229550386,0.0002845408061859182,0.0811319520563604,0.019838340198966697
eda_stress_skin_mean,0.15639924874777944,0.035558540325153855,0.15641584975403042,0.15638293869767678,0.035587566392219876,0.15639917089631775,0.03557388083381104,0.035664241773152486,0.15639924529556065,0.03555844966598791,0.15770966553297064,0.004539058047499027,0.009365882260972952,0.0,0.7027080027193285,0.9999423239262307,0.9999437353818498,0.7033432186771419,0.9999999449769037,0.7022643563024551,0.7028226757877295,0.9999999663116771,0.704311304074465,0.3955322310346173,0.041020407317547684,0.21193578136817295
eda_stress_skin_std,0.07916700839647418,0.0947239013695409,0.07921907930870555,0.07911523195133761,0.0947019686177899,0.07916693321228395,0.09482904107799411,0.09492247451276208,0.07916699980848581,0.09477591249899575,0.21498649055513455,0.010894492360474184,0.008363621783350577,0.7027080027193285,0.0,0.6950386720583336,0.7102080832900793,0.9999255647504607,0.7026892182794203,0.9998331913478151,0.999169168639343,0.7028187519369585,0.9995933970670833,0.581611151178138,0.016581686855180817,0.23104557157801464
eda_stress_skin_min,0.15686355938031388,0.03450299701153316,0.1568795493569409,0.15684786042469426,0.03453233696555377,0.15686348143277867,0.03451734055550891,0.03460691146340248,0.15686355602131186,0.034502463882448445,0.1561322368225381,0.004498482070110925,0.009307920436213727,0.9999423239262307,0.6950386720583336,0.0,0.9997726696992403,0.6956771395063597,0.9999423710316453,0.694593298534688,0.695156025414252,0.9999406705701916,0.6966581110637264,0.3909325374273799,0.04101043949457785,0.21067176725675343
eda_stress_skin_max,0.15593870020812228,0.0365916835182411,0.15595590047200195,0.1559217930257899,0.036620320549529704,0.15593862179816456,0.036608190554333446,0.03669884694471178,0.1559386966645024,0.03659308130610875,0.15925542381584118,0.004695828974564426,0.009362558733941222,0.9999437353818498,0.7102080832900793,0.9997726696992403,0.0,0.7108354315409943,0.9999432638476945,0.7097630096301225,0.7102990255521382,0.9999453747538385,0.7117871022648837,0.4000307811495291,0.04063373013247104,0.21310939114502558
eda_stress_skin_range,0.07916796424799714,0.0946381158623441,0.07921998692831597,0.07911621567592242,0.09463506921849303,0.07916789384497663,0.09472109541508204,0.0948206653747576,0.07916795566547599,0.09470279631395906,0.21503820366457005,0.009812851714717864,0.008387441958895363,0.7033432186771419,0.9999255647504607,0.6956771395063597,0.7108354315409943,0.0,0.7033257780812854,0.9996224202622369,0.9991182751772466,0.7034529926424783,0.9997027648363113,0.5814901756898455,0.01615223768935175,0.23030020615399557
eda_stress_skin_median,0.15639502119688123,0.035557185013889374,0.15641162129968356,0.15637871150216937,0.035586279661443544,0.1563949435631483,0.03557244549272998,0.0356629959847611,0.15639501774482964,0.035556827160724905,0.15770461945401731,0.004509362126925033,0.009379224679558698,0.9999999449769037,0.7026892182794203,0.9999423710316453,0.9999432638476945,0.7033257780812854,0.0,0.7022467314560966,0.7028111049902285,0.9999998870478267,0.7042950344796387,0.3955223914851023,0.041122221764048936,0.2119390728952478
eda_stress_skin_iqr,0.07916363474690674,0.0947396233050629,0.0792156913848706,0.07911185959210239,0.09468813497754554,0.07916356740514958,0.09488515909883947,0.09498617659226276,0.07916362615910572,0.09475876357768696,0.21487252770837229,0.010361010659869309,0.010289087936011253,0.7022643563024551,0.9998331913478151,0.694593298534688,0.7097630096301225,0.9996224202622369,0.7022467314560966,0.0,0.9995200734526936,0.7023752841042759,0.9991905255291663,0.5815110001191098,0.021063067348302093,0.23271361835373175
eda_stress_skin_mad,0.07900426799583579,0.09457443903870422,0.07905617708997427,0.07895252858171366,0.09452015528642577,0.07900423994794872,0.09473641218840534,0.09488111452168474,0.07900425942000835,0.09456245374781656,0.21460145318154222,0.005049177669951998,0.014192464255658486,0.7028226757877295,0.999169168639343,0.695156025414252,0.7102990255521382,0.9991182751772466,0.7028111049902285,0.9995200734526936,0.0,0.7029315516317386,0.9985499247280878,0.5809524805889047,0.026757428319586548,0.23320054553782155
eda_stress_skin_rms,0.15640457710321903,0.03557899077194463,0.1564211895687455,0.15638825566680567,0.0356078868729236,0.15640449921974786,0.03559442467222527,0.035684672220118625,0.1564045736494576,0.03557879289150962,0.15772778999551293,0.0045437671305002805,0.009364980648538506,0.9999999663116771,0.7028187519369585,0.9999406705701916,0.9999453747538385,0.7034529926424783,0.9999998870478267,0.7023752841042759,0.7029315516317386,0.0,0.7044212033564428,0.39560082254268647,0.040987639865942935,0.21195455983615932
eda_stress_skin_mean_abs_diff,0.07839784461455113,0.0943887717042753,0.07844978780572295,0.07834626597362188,0.09438299296525202,0.07839774844767242,0.09446953856580509,0.09455169853891636,0.07839783604614246,0.09445045913323603,0.21520492860451765,0.012845736298065603,0.007608011229550386,0.704311304074465,0.9995933970670833,0.6966581110637264,0.7117871022648837,0.9997027648363113,0.7042950344796387,0.9991905255291663,0.9985499247280878,0.7044212033564428,0.0,0.5810810949784944,0.01738355541732147,0.23009964873140218
eda_stress_skin_slope,0.22030509418172217,0.011665954895924122,0.2202931075029877,0.2203169974086414,0.011659623355462443,0.2203050899153741,0.011630617151401899,0.01161858710713164,0.22030509141762789,0.011574287103355244,0.0635275046408808,0.0022493476899623304,0.0002845408061859182,0.3955322310346173,0.581611151178138,0.3909325374273799,0.4000307811495291,0.5814901756898455,0.3955223914851023,0.5815110001191098,0.5809524805889047,0.39560082254268647,0.5810810949784944,0.0,0.003104436265069683,0.04508839850807747
eda_stress_skin_skew,0.011831599996811923,0.013230607034937204,0.011825420246853477,0.011840517387024069,0.01277659481786731,0.01183101137315833,0.012988252130399136,0.011874674219886704,0.011831600706951995,0.013338969020905011,0.0028272536216814525,0.01083898486031498,0.0811319520563604,0.041020407317547684,0.016581686855180817,0.04101043949457785,0.04063373013247104,0.01615223768935175,0.041122221764048936,0.021063067348302093,0.026757428319586548,0.040987639865942935,0.01738355541732147,0.003104436265069683,0.0,0.7007226680453686
eda_stress_skin_kurtosis,0.0743373017121758,0.04671146269572955,0.07430860336169692,0.07436551862834327,0.04690485682214903,0.07433729781580525,0.04673696091985031,0.046957199033345574,0.0743373045132663,0.046878937010470335,0.01704912966089448,0.005554508603325388,0.019838340198966697,0.21193578136817295,0.23104557157801464,0.21067176725675343,0.21310939114502558,0.23030020615399557,0.2119390728952478,0.23271361835373175,0.23320054553782155,0.21195455983615932,0.23009964873140218,0.04508839850807747,0.7007226680453686,0.0
