,PC1,PC2,PC3,PC4,PC5,PC6,PC7,PC8,PC9,PC10,PC11,PC12,PC13,PC14,PC15,PC16,PC17,PC18,PC19,PC20,PC21,PC22,PC23,PC24,PC25,PC26,PC27,PC28,PC29
acc_x_dyn__harmonic_mean_of_abs,0.20930053156801345,-0.10280783304271983,-0.14913661477806284,-0.2996145468590377,0.1612859926120222,-0.10102222492385067,-0.05825590482206319,-0.14377955239255064,-0.12645644841930906,-0.05839734263935632,0.24014699897461933,-0.14159498420020086,-0.14656938765648786,0.09529229295747281,0.3202576810126796,0.25749010023641417,0.4933393558311466,-0.25987085064029536,-0.18273844716942342,-0.23582419529686138,0.03724923471178262,-0.16258285871737072,-0.1542927573682389,0.03935187816014398,0.09169643385041613,0.07151538673589054,0.09897896373046348,0.007989749116138006,-0.017200872952502652
acc_x_dyn__quantile_0.4,-0.2217906062289687,0.10484916711582282,0.02264457337594352,0.253969405012906,-0.22538039450349692,0.06767527860203193,-0.09831123959750855,0.07282194952967151,0.2874297547852297,-0.03684553143341025,-0.17073619863648673,-0.3139460145537457,-0.08478522309856172,-0.15491985366273833,-0.07792129006794973,0.27333731267826294,0.019059236666176562,0.007982850852568021,-0.19993967238048113,-0.05499097618447295,0.008366415144926526,-0.24054390977327833,0.005727557861428418,0.09245768077331297,0.29616531274895785,-0.04012117548549702,0.4807489106363615,0.2232676180252063,0.02380804876446009
acc_z_dyn__approximate_entropy_0.1,0.09579148516594312,0.23373238721722545,0.10434805755917488,-0.36903790463938035,-0.32629235400957085,0.12444122387730916,-0.11819392606562205,0.15021951962377578,0.15808308855283734,-0.20386191982295962,-0.246383454579742,0.3861599676744424,-0.049808897125243716,-0.33321461564507876,0.3092597084743278,-0.10194885376715938,0.08543017379391674,-0.23190516523579935,-0.054664683844407584,0.1469288247326345,-0.05346312413043209,-0.04460439945155753,0.11589786902004232,0.1543859331756703,-0.039235568657521765,-0.05740017335776862,-0.015589522334376974,-0.01878462885854678,-0.03879955541848152
acc_z_dyn__quantile_0.4,-0.21198825981530073,0.06553944531002912,-0.03629454409467398,-0.2005841536818421,0.19370825667203984,-0.0014378740614221853,0.5110987411561053,0.26221254677166567,0.1936610692942265,-0.015192858684203742,0.037476230786023676,-0.05083959198540059,-0.12129494593545873,0.0640421049423984,0.020953083951233843,-0.10331872575575624,0.056368913200326276,0.0019548901342160007,0.3364816511723745,-0.07896598224563199,-0.2965192823257222,-0.3863254240089092,-0.08344427067757905,-0.04269425992471919,-0.08327566711989476,-0.29783817912263916,0.06036930322400852,-0.01304496266494648,-0.04482346359092298
acc_x_dyn__sample_entropy,0.14245799375049858,0.327161029593944,0.026672235890186538,0.05998353238268898,-0.023132310598462817,-0.07279487746300069,-0.013409185815764757,-0.00815308146104679,-0.0156051589063128,-0.2617070021693147,0.19533204736819046,-0.09214775752879838,0.0504140434796998,0.17174784524646675,0.08041124700808547,-0.1490390070772144,-0.2320905761468263,0.12096909644626928,-0.01339873236991121,-0.1982080500011407,-0.0999840223123281,0.18906713245735507,-0.340799702903758,0.6077591747329015,0.11862500190214911,-0.16246569103381786,0.009266119201546913,-0.021143864007735137,-0.07719985174141615
acc_y_dyn__harmonic_mean_of_abs,0.19736413869162953,-0.09354613722592146,0.39636956510577787,0.01917691063311886,-0.007250606475941774,0.0511562259852854,0.057909038768964104,0.03163224694591958,-0.014122860444569072,0.16751248868000093,0.34288113701394407,0.021745317870981634,-0.2210502110050778,-0.18466180238775304,0.24839959742519332,0.4865239034462193,-0.4358933181187411,0.008007966344673125,0.20032149678784938,0.06837074450852723,-0.04198537954737442,-0.06943639906650868,0.06175344873410345,0.030577972706085442,0.019550402185840875,0.05637050211730349,0.00852566062104669,-0.1012394760571959,0.006328268769261297
acc_y_dyn__sample_entropy,0.09909834560304326,0.3463226473331488,-0.00392309159006804,-0.02835819821804527,0.05044226615725659,-0.16013428010885994,-0.01916336811400406,-0.014668702901283932,0.03308211544273222,0.30633498711801627,-0.17351826456576405,-0.07964238007717316,0.04411616308098607,0.18378049710385586,0.3789433237269018,-0.06415737205429146,-0.08093150366037152,0.3609833813136308,-0.13866890499132747,-0.2934085523688668,0.22078085661408894,-0.19078901624998534,0.42399584655591344,-0.05028808021782829,-0.057071574322166065,-0.08952006370962783,-0.05854118901871871,-0.03853413217337173,0.004740082703943148
acc_z_dyn__sum_of_absolute_changes,0.24489368736060507,-0.06227163870295812,-0.15402801023851545,0.22007110977344121,-0.11316767719524509,-0.02135754784826348,-0.03638218679816519,0.1945528966398663,-0.12074948495902711,0.12089705513385081,0.03972086674653511,-0.03458679238263248,-0.09818445462055003,-0.1350058354353444,-0.11570235168924531,-0.11902371331981149,-0.06974469686959797,-0.3075033089007657,-0.005280622384910555,-0.15049066609781667,0.23690725350306222,0.004165918644686422,0.022868184302686487,-0.12643595209375394,-0.020940852279989857,-0.39921812328295997,0.12515416020419942,-0.2513310676767507,-0.5392318928950496
acc_y_dyn__avg_amplitude_change,0.24755626729803734,-0.07092882457763347,0.19175017730291205,0.14934413364943364,0.11545641658154249,0.08499477491616786,-0.015323747113583912,0.11632582444232331,-0.13259695244444125,-0.1065792952841681,-0.22656372383020684,0.056252016771772176,-0.1051402621999491,0.1029731445006036,-0.09701172577958034,0.052083845214808654,0.019451344741684026,-0.14742057061619931,-0.0878720610395528,-0.0863783942262679,0.1243074257808613,-0.029585028885596106,-0.056052326610163655,0.0036465011780692233,-0.12749199500756073,-0.43951818194467435,0.0464187955237064,-0.08524914182590876,0.6689130690523992
acc_z_dyn__quantile_0.6,0.18190235846876368,-0.05309659900519141,-0.18178084793428578,0.04080669792350929,-0.26575652445217585,-0.20072631443274874,0.6495335041695308,-0.042387030409984365,-0.0809096451197244,-0.1675312678409076,-0.23515400142452852,0.03760923087838143,0.08491006169715469,-0.001492789293588642,-0.05588769551960904,0.19079016395977402,-0.14988917862493392,-0.2047991770325314,-0.009609056045793735,-0.21624475445091235,0.11290913663587962,0.09606023372746456,0.1414876218983143,0.05712972210864075,0.12301095631833871,0.2366949905626369,-0.10322558219849427,0.12369428704172865,0.05549214195478746
acc_z_dyn__variance_of_absolute_differences,0.20114986855567293,-0.09030427611261756,-0.1597417669694772,0.281702421188656,-0.20356024344623788,0.04373209692962075,-0.11236894025792626,0.44622569475827284,0.08276080379676622,0.21741301636402,0.2568179690650516,-0.023989357121983666,-0.11678815121190259,-0.015671571855566425,0.12973182855116738,-0.3372727801316418,0.15065951119752755,-0.06960782975999355,0.21996246031358493,-0.13832635712215127,-0.09792055318311396,-0.011923264565966556,0.0789379234823408,0.06575881412641908,0.10554742131713898,0.2818938692446824,-0.08612466198287347,0.20063350854005882,0.26958634085321215
acc_x_dyn__quantile_0.6,0.22109071756551826,-0.08738786279404795,-0.05982598936495432,-0.1604818175976312,0.12796569825815335,-0.06059067224722418,-0.10104496695008208,-0.07879140838713994,0.11477077138197579,-0.1776785733105674,-0.26716459390299874,-0.6463741260516134,-0.23244814370647732,-0.3613952445782762,-0.026133012117519793,-0.1460659073841481,-0.09594250873921328,0.05213089952599802,0.16328295231892137,0.005216924791194659,-0.013668919754210803,0.06169013559908368,0.03866295034086391,0.0498714573681021,-0.22770324138850367,0.12178747870869526,-0.13606224822804325,-0.06825988278930178,0.02588154218864192
acc_z_dyn__sample_entropy,0.13333844783635884,0.3248630225418468,0.012650872361715452,-0.045974115929269484,0.1306962474885758,-0.051973772035386744,0.02918858524953416,0.24607701009988103,-0.08911166897221535,-0.05628413254906492,0.0032946736467188657,-0.0026521452678534524,0.31787691237467214,-0.3429604688447023,0.08954096612114998,0.02892034104550724,-0.05317770533306273,0.14086115678926842,0.014372988894399754,-0.11525081547661549,0.10000499951936129,0.07357451655452911,-0.4650763702293074,-0.4946447312204696,0.10964518633155032,0.11380997546153424,0.09033823837324098,0.04173992357655604,0.08457884224147064
acc_y_dyn__variance_of_absolute_differences,0.2107638837113174,-0.09936542770908309,0.17744661960242275,0.16639833707639956,0.16873042102528354,0.1849898794678308,-0.01075524899422178,0.32875621255755894,-0.12343806248051996,-0.30719913297109624,-0.3011253737939626,0.16422306673999168,-0.22460545316623742,0.2090160233868953,-0.06478135712212298,0.10170739392404551,0.1499819006068139,0.3352603878192919,-0.0660294813514084,-0.06192041740067622,-0.09299863337175883,-0.1266907654760252,-0.014254921627633858,0.013706491577684348,0.0260124293880633,0.3181926829953719,0.012101408875747312,-0.1362041908344634,-0.30151585173242124
acc_x_dyn__max,0.21325983969707732,-0.16794715042916755,-0.18214222523570386,-0.16042192001784897,0.03224694294300774,0.12682633275000815,-0.03040975510467131,-0.009998928911833427,0.20238547712114438,0.25501360555818137,0.012859666213940215,0.1385346007615952,0.13318460054305503,-0.06257240737405362,-0.2422228434943026,-0.05998703118139085,-0.3240405356951453,-0.009400734804784568,-0.4314280358555776,-0.1308590296768988,-0.10883652484367232,-0.4144329791071643,-0.23361421984213926,0.13094414165913643,-0.21870758285571273,0.15925288198816073,-0.049481396892468554,-0.0008321631540056027,0.025887337348774797
acc_y_dyn__quantile_0.4,-0.1759091079776522,0.09057743044273334,-0.4729678254906086,-0.008215100467137635,0.04416344968944285,-0.06395602936283536,-0.18052495744956096,0.11995888962225494,-0.34541633129311344,-0.09005381249168136,-0.022673052831759327,0.1651360365425637,-0.36757799384945633,-0.08943778288240482,0.01836442097564546,0.23482443210517903,-0.20327093980941005,0.12698664521553085,0.02815362629018617,0.023901443870135257,0.02593921327056077,-0.03888362251089712,-0.04315850637903672,0.015529581524570249,-0.1878294421100921,-0.13712427039683,-0.1278265465017367,0.4435149509713951,-0.006450999311788051
acc_y_dyn__tsallis_entropy,0.08419344908080051,0.16084926592352414,0.19162918771217863,-0.07541957189894645,-0.04972038273914167,-0.6870113956195429,-0.13538474861327804,-0.01446145948817194,0.1881410307043287,0.13810209986508384,-0.0013625119166527618,0.231195930206926,-0.2628407620996425,-0.06359806850029855,-0.42995530181500907,0.07142891118162972,0.1707731489927498,0.05620935060627443,0.10127891082396823,-0.09422380616658528,-0.023880362517869735,-0.00022030894410307334,-0.06201802928088595,0.02173130363217328,-0.002017656920628577,0.05133204362405205,-0.004881460722213032,-0.034769207072748144,0.019970303429410495
acc_y_dyn__katz_fractal_dimension,0.1417489326243691,0.28919396847068934,-0.03573700545291211,0.14257331899851652,0.1601788845842161,-0.02952784017177082,0.017567119702196165,-0.04259614729924138,-0.015683533780765622,0.40179668772482885,-0.38256641576464184,-0.07514629840538167,-0.12753184943218643,0.2753583858521454,0.15304999476961761,0.0454950127957816,-0.07000128661875031,-0.36747901300494035,0.010982790325025306,0.330429234730557,-0.2738172654755384,0.11589130615982896,-0.22437035973060793,-0.02084324550138507,0.006228817194585381,0.12011804389124753,0.03810727013058607,0.0666879336102352,-0.07714549514707404
acc_x_dyn__cardinality,0.11470435501276896,0.19633177534549057,-0.08309588174291202,-0.20984000769480665,-0.20405079674779678,0.5361618470962871,0.08349691669179496,-0.23373019796878627,0.002723886315480593,0.31382682940554973,-0.06933255931040663,0.04496746342338161,-0.2042850686158958,0.0016824263094848005,-0.25789645406856493,0.10442222744327316,0.185120122972772,0.1989878996736588,0.29627596605716966,-0.20284177275878973,0.17042451618457263,0.14899050566247787,-0.14507855194684988,0.04920233075805445,0.055012964525927036,-0.003165707137537938,0.025438048068196835,-0.02307525575027399,0.021456698977151644
acc_x_dyn__variance_of_absolute_differences,0.18582499399949404,-0.10409529137845668,-0.317488023074829,-0.07343842759035328,0.14397429941362602,0.0029297643364297873,-0.18831163786819297,0.20356147640085406,0.5678131778066395,-0.10918504285316862,-0.03177563566164661,0.06469191999857685,0.26634619155567363,0.24458287446676183,0.013410752368647177,0.3775149028335289,-0.028995475796412446,0.012943133507409305,0.22987361837900544,0.056813131790907544,0.1180202248282019,0.21817682189655854,0.06482168211004412,-0.002454456813363278,-0.037942977232657105,-0.11182458922499093,-0.018856620006153978,0.0008874290989021635,-0.02651240307969245
acc_x_dyn__quantile_0.3,-0.24225271952739444,0.11361519887139544,0.047135051864562696,0.21510928257394085,-0.18309207622801796,0.05588670842755575,-0.057393723630936845,0.0549102066724152,0.13718621883249565,-0.009365123738243704,-0.03668409222048932,-0.13648200496543925,-0.020298306507405328,-0.008796792612477783,0.036309680168638496,0.2244825516570748,0.12395723565976632,-0.09741709367522837,-0.09543518349484366,-0.07971683958505782,0.03510458864308814,-0.1610567353858381,-0.21935840398533402,-0.04383075363441899,0.07823618808179926,-0.06864611023875605,-0.7571148317346903,-0.20954264473288425,-0.019547051208363777
acc_x_dyn__quantile_0.9,0.243091689897059,-0.131539283656041,-0.09505629831093826,-0.19489469364250628,0.11316002003381904,-0.005085416506330988,-0.008950647259355024,-0.04976791269437594,0.00033461859969533274,0.019336372723228207,-0.03178223833691641,0.008972789358310456,-0.11610567335480991,-0.03397110926821097,-0.08456047491051778,-0.12182985800638826,-0.10756746707168326,0.1555548519226457,-0.11378043029685718,0.19605081070341324,-0.14936119715304352,-0.032704635688379516,0.09815891765187029,-0.11687005746918702,0.7558746500803304,-0.2550643037822529,-0.21399533962239284,0.08242453721652582,0.017023402029500506
acc_z_dyn__harmonic_mean_of_abs,0.21802361912455517,-0.07236272882636337,-0.06614917036148757,0.17662934486793783,-0.24983462430379363,-0.07827285587836609,-0.24424882026956246,-0.35215470287612516,-0.18954512736625637,-0.11092740352704782,-0.15573356619121306,0.0527187728065385,0.32627737171527,0.019502464694391652,0.05446015076049957,0.05539337184600455,0.02015063307178577,0.054654967359467316,0.43510203613335036,-0.07171915583104622,-0.3111787359854471,-0.402197353213084,-0.03600107476672288,-0.06497403323503385,-0.005439943627418427,-0.08850323890742808,0.025721213404093453,0.01738942912203641,-0.022706770578624972
acc_x_dyn__approximate_entropy_0.1,0.09597601932465115,0.23214347438127378,0.08864144206823284,-0.3591410899587551,-0.3655754046689141,0.024908759222619134,-0.11081905464248573,0.2569274614122398,-0.19999101337945988,-0.13388614048218087,0.1826850165256329,-0.31953825007884606,0.05428126660625456,0.41757251030672193,-0.28044386946876465,0.056293955515596496,-0.11867093577317647,-0.09718095656846579,-0.04229643326518739,0.17402962953191126,-0.015318141740958068,-0.11907848790600073,0.12250573648999637,-0.20211084341478408,-0.06987680669847665,0.057156589819053416,-0.0026569934223978128,0.024085660745336905,0.01893942093451837
acc_y_dyn__quantile_0.3,-0.21686661236924365,0.09986891453841246,-0.41926678171130044,-0.030678191360086052,-0.009523641570498167,-0.056888499942812705,-0.08403847051397044,0.039681852209173266,-0.10865816115629656,-0.03574648719639216,-0.012887284220025724,0.06680368347477755,-0.11418141393964958,-0.012069443398138448,0.018352588861381438,0.03586198971825592,-0.1598323401492711,-0.015864419827228884,0.061932642638708756,0.019925200185316634,-0.06659796302229422,-0.041985980264499005,0.0494105034836228,0.028560467514125252,0.17971683842360456,0.20189375376143237,0.1880679606115492,-0.7137799136235309,0.2537508596068156
acc_z_dyn__lower_complete_moment,0.20209768528422709,-0.1107675489727435,-0.17650530950703178,0.11651709963607867,-0.378749482287235,-0.14088421486482763,0.2588709149729137,-0.012365973156438328,0.059335008357914706,0.05547897180044579,0.09295035301533362,-0.06104415454331183,-0.08035569049337302,-0.013041557606514648,0.17178956446460578,0.03895385410712165,0.21343370963092417,0.42720876700305493,-0.20222185328949294,0.4539089334696087,-0.03190969650612105,0.05268289300041828,-0.20183707870075987,-0.03048089944302892,-0.2100644677624095,-0.15920361078935005,0.07400466960456872,-0.13363367418942665,0.04257251594473144
acc_x_dyn__katz_fractal_dimension,0.1530870838538205,0.27428586322668846,-0.0644263157643309,0.20572252036988442,0.17778504202936654,0.05593150677264478,0.083222766146778,-0.23590142577494386,0.1598918266169408,-0.24262291947898626,0.18802146664630523,0.09326985987023156,-0.13078970392740574,0.042533775524163944,-0.05101758154472559,-0.16603784276838926,-0.020339194705089658,-0.09931951019571497,0.1288174758190475,0.3489541276120451,0.5002461940463045,-0.39047171259145186,-0.011439431014417573,-0.005349157021243457,0.034527491628194344,0.15366960212795988,-0.017626691119325674,0.05329708840779324,0.022495785884313037
acc_z_dyn__katz_fractal_dimension,0.14203151728646188,0.2820216779562411,-0.08509462265210224,0.0965508626833361,0.25369222349341125,0.06682770501228921,0.0913939921183313,0.15234809535142285,-0.22257235762545857,0.12567636328802517,0.11350077257290293,-0.0741315643199612,0.32129978419393135,-0.32124729233168553,-0.260112469759695,0.2326347457193536,0.286184425083472,0.010142344165307215,-0.047593959813551176,0.20291824939561565,-0.1544769407330743,-0.051142014768380414,0.3184356331694554,0.3269056575849031,-0.03838935704853881,-0.03511700936703603,-0.08234953356795904,-0.041528867498871344,0.003439325334227952
acc_x_dyn__approximate_entropy_0.9,0.14362957157996717,0.2814412323022858,-0.09233227876155699,0.21303403264877632,0.02360046709369399,0.15686016488136784,0.036599099659713384,-0.25611963847748886,0.22790952588129343,-0.24260888012623966,0.24317611798723673,0.07421781622423851,-0.19927681860040922,-0.02260619491987509,-0.06073166406195914,0.006002359512624769,-0.009352747370092526,-0.05051628110508235,-0.22082828707245541,-0.2015332649239741,-0.4508850544615114,0.18137947202069327,0.23126074717383677,-0.36119560800845385,-0.14521514051688564,-0.03238149025139162,-0.0028842277896302245,-0.007502428184281128,0.02004953332394169
