,PC1,PC2,PC3,PC4,PC5,PC6,PC7,PC8,PC9,PC10,PC11,PC12,PC13,PC14,PC15,PC16,PC17,PC18,PC19,PC20
ppg_infra_diff_mean_abs,0.16840391315531986,-0.33232956935594016,-0.2624348752743611,-0.29985487304868336,-0.15622131674680115,0.13504744655262665,0.1448987460923646,0.06158029702034823,-0.15547275104429853,-0.05054701129960776,0.004020303691328478,-0.10686655702449514,0.08560058263548458,-0.4849544189222173,-0.2498560130658464,-0.30132383934558377,0.006735454975061404,-0.3996645836496707,-0.06602648913525888,-0.19222149546555334
ppg_infra_ddx_mean,0.18247304305391018,0.1805405021544105,-0.2919689566316445,0.20832820548631698,0.22810503108598343,-0.26066087913625396,0.44504277697859057,-0.1477554611182789,-0.24068315806734003,0.25065197315555804,-0.11220495803639105,-0.01527521257923999,0.009484382368717834,-0.10043873293634839,-0.09630187918433639,0.512514401540855,-0.07276025273802851,-0.20955618940552856,0.018889856231384842,-0.01804830275714896
ppg_infra_shape_factor,0.24460667281905976,0.30860749409159294,-0.08813952423458808,-0.05106417734707296,-0.11532231694852166,0.22017341224366782,-0.2665909023398891,-0.06097607703094955,-0.15539027803829478,0.09761155403641883,-0.16666411569262873,-0.17475415972065278,0.3174436374887841,-0.23865377582802735,0.6589791939074349,0.05759190460282604,0.0868401089965521,-0.041368166952366676,-0.038055217577879,0.0010883551336539354
ppg_infra_ddx_std,0.2825024199839083,-0.26019158367474343,0.1243427977303594,-0.09757595276396791,-0.16328481161781444,0.010523800371709713,-0.136264255475296,-0.059613286308560956,0.19490707488776585,-0.13677525800260928,-0.07834509914014624,0.03563955680708608,-0.08505771161924401,-0.24419536239814707,-0.11731744362001274,0.5102945900497663,0.035656729966667654,0.321637906189813,-0.5184066435133589,-0.003721290634229399
ppg_infra_clearance_factor,0.1744617506004816,0.3477080489678205,-0.1494285514535084,-0.11268399730137894,-0.24949343799931317,0.2642368445094187,-0.2016007761957675,-0.19818412968693913,-0.0018465007400691256,0.26512581180825756,-0.3102083034746888,-0.14641590166257004,-0.09364837381505778,0.28990731917783263,-0.5145719516061429,-0.049624506808856876,0.22047317623825388,0.05577110551762574,0.02823485754739191,-0.033265781585233085
ppg_infra_tke_std,0.30286072793054936,-0.157781224199827,0.201805298118588,0.027908774180248057,-0.09755921054828244,-0.07957625460983185,-0.1479605117642623,-0.16424319854573688,0.2557917881848133,-0.12498903710321747,-0.09769879312818971,0.08670265639186908,-0.19963011590162008,0.2343204698462963,0.1647408577151192,0.16557660000916158,-0.03924955733078257,-0.4371111870103533,0.3018927862816841,-0.49596810791071966
ppg_infra_crest_factor,0.24625547591808608,0.24932931904049677,-0.09840836284273526,0.009142331424507273,0.19578539848766857,0.19917522959971304,-0.2277597142418479,0.25158754292815766,-0.3459475764497668,-0.2828813597423085,0.06619514552687057,0.6241927056481062,-0.2561999979379607,-0.05888181680328483,-0.08144365810416034,0.013944793570088898,-0.002949157514970879,-0.056252559122223246,0.0010721650227397254,0.03800944240140218
ppg_infra_dx_std,0.319554439043548,-0.21307145362283836,-0.028999783852148422,-0.07161195259199327,-0.08359236887487521,-0.04289376685097732,0.052358459409426995,-0.07675867194826949,0.054015369430132604,-0.06463002315472242,-0.07980466607914193,0.0243494920623404,-0.02169617524687155,-0.21258373639506775,-0.023971499515443938,0.04185302076334622,0.05937515136432876,0.3155918047478771,0.7065171982098032,0.40585710381380297
ppg_infra_kurtosis,0.2873795436411596,0.22008807439936592,-0.10351952829913977,0.07079034606805672,0.11459143978423147,0.02882083001343909,-0.04355158874713182,0.04889745218865265,-0.008988350337844743,-0.36676073095411443,0.5185233001449783,-0.6110068431975524,-0.2062744913221167,0.0603207278263329,-0.06771448497434279,0.023984734019253832,-0.07464567113634611,0.03374147116552618,0.011514632733391901,-0.003975842245702974
ppg_infra_max,0.32170793888090415,-0.0004455301543183762,-0.13677182084888725,0.11469678398381863,0.08764421484703586,-0.19718976405000765,0.2579836993718725,-0.12725366360109772,-0.05344521080216788,0.009299916119842239,-0.12014194978541179,0.08780387151473157,-0.09100624474368106,0.04381178059757825,0.1477191315712577,-0.4526348369608138,0.012514037745080859,0.5154042849254193,-0.12290149779317656,-0.4386766867667823
ppg_infra_trim_mean_10,0.18537255689190915,-0.09922998371200605,0.3964853905478701,0.14300034820128998,-0.13866351329618715,0.27311065246638927,0.087520663466267,-0.27650291066963745,-0.22921667855905933,0.4710322725943664,0.5484924779527356,0.14636493899396605,-0.01222238952934159,-0.037910010303301524,-0.014889500010688847,-0.037623377386321544,-0.00041391932232776306,0.009837725173953264,-0.013967733053789573,-0.003966608018966348
ppg_infra_dx_kurtosis,0.334644070011229,-0.045358292831347735,0.10614691936045342,0.08320499372707245,0.14063554828130667,-0.07654254373371007,-0.04316263408405892,0.16272370296626626,0.04915725253822281,-0.12097277604340378,0.0720564819993556,0.08703691292027109,0.8054208958030302,0.2622468675207732,-0.25558369699963873,-0.013549582520295035,-0.01446573681416101,-0.01697087603549338,-0.015387024953277805,-0.015852553630542707
ppg_infra_mean_cross_rate,-0.0675254066677805,-0.3201681021368602,-0.31284797372190704,0.4780875330335819,0.08061769103957224,0.0881142701650796,-0.13150315440985738,0.021113327331648436,0.02916016144416603,-0.008474629592888114,0.10229257276313106,-0.005272088061459756,-0.010007538414105151,0.03617883146431508,0.05277497871762238,0.031460750027810715,0.7175206934074162,-0.051995166473768145,-0.014412682733937102,-0.012002883439847343
ppg_infra_signal_energy,0.3375376944143206,-0.08141267950693515,0.019335256433362803,0.08816440176935719,-0.012342729920112048,-0.16159070280960192,0.07589078425550563,-0.18759077896382828,0.10164859315235002,-0.030942379091659762,-0.1392472749321907,0.02855390878927605,-0.16332708380015848,0.21141285802837717,0.13340848909783162,-0.31636115882785126,-0.028475649704176813,-0.3318433454884502,-0.3420524567302539,0.5961549865068032
ppg_infra_zcr,-0.030634450220189798,-0.25872240304897004,-0.35380363601746123,0.46376006988169904,-0.04582390903991419,0.24206129656246694,-0.3052738815931284,-0.058594647257881986,0.024957965975223716,0.09883179468898141,-0.08509190158380564,-0.02442642131089467,0.01790210058168791,0.013894532639461516,-0.04567448447137805,-0.022663478032305617,-0.6391576351557916,0.0659615783282682,0.017285531930687947,0.006435327680503107
ppg_infra_mad,0.021176203138511127,-0.31638609394222933,-0.32725593719488427,-0.40338418584092056,-0.16128237245070579,0.18534855605942352,0.20270412915940672,0.12890179066373247,-0.252261976061012,0.010603154085864222,0.11383971382096279,0.022230984979864744,-0.009165452565089636,0.5671720376991761,0.24428641371457818,0.20259972881992627,-0.03885057405709557,0.09366926190039988,-0.025383961776335808,0.030739744920203732
ppg_infra_ddx_kurtosis,0.24651855863636857,-0.07245312566849438,0.0944275772535996,-0.02123696505499828,0.22807910461307138,0.03764470850517492,-0.029340266854208766,0.702214386073929,0.215287474550023,0.5135067393765961,-0.07913144706297874,-0.1450395957202222,-0.19345662338738967,-0.011468010773152945,0.04160767608116928,-0.021192162460608926,-0.007390955094942525,-0.007622556836873193,0.0023432517130903673,-0.00410193676084847
ppg_infra_skew,0.02232460753799551,0.2979548259743881,-0.37536271272896454,-0.02795050987829488,-0.27521398254708523,0.07219395709230882,0.2145314020625486,0.039929554299991475,0.6404669782491966,0.06424152334230795,0.3324134038424313,0.3141271336551606,0.07054671927866013,-0.07912206399932264,0.06478171243576754,0.0016216986279589212,-0.022022046445773654,-0.02899223127128995,-0.00673788465418377,0.012904668908136826
ppg_infra_mean,0.0032063266809286587,0.07589818629025753,0.26568578507873314,0.36960861407954343,-0.30224825014630846,0.4479567531136693,0.5172003211974222,0.2503322333519746,-0.02600698965773148,-0.2907305405253512,-0.26866360973046194,-0.07501367541397602,-0.009238380213894098,0.020725301201771247,0.015209402561262953,0.02877748092745848,0.0010853438719864972,-0.01423774520943936,0.007609172134124388,0.0020299610974984558
ppg_infra_median,-0.013941425527224112,-0.06603416525654951,0.01607478713054175,-0.19584417848564012,0.6729179777986422,0.5415592843739141,0.15640328887413954,-0.311601292304635,0.27780574457921287,-0.04375743462568448,-0.09286151296452398,-0.007888784983757257,0.02223525551985982,-0.007844439741635713,0.02634898507533346,0.004919588271129994,0.002734647873839226,0.00619897146510303,-0.007557101899455088,0.003962363696671172
