,PC1,PC2,PC3,PC4,PC5,PC6,PC7,PC8,PC9,PC10,PC11,PC12,PC13,PC14,PC15,PC16,PC17,PC18,PC19,PC20
ppg_red_mean,-0.06343601478026382,0.18258367540789955,0.2002061754325998,-0.45276983036784085,-0.05539012904845714,-0.4554849861535721,0.05234807820823279,0.02644006691868458,-0.4450062665746015,-0.18268099688675685,0.007629495465128735,0.14932353410084448,-0.08902861411878772,-0.12821884108333667,0.1006736716615569,0.4204228857756005,0.09747988517740762,-0.16587282440462042,0.03889459086622161,0.006138864860455349
ppg_red_min,-0.357660842107753,0.030481775416146814,-0.057722176145898495,0.06941726961567171,0.14764596809327205,-0.08987557892367051,0.16404545294512912,-0.2181370244591748,-0.21638800236800548,-0.11766880580650908,-0.056506673112228505,0.2066439943960251,-0.11686620201753972,0.08027085927984542,0.013164441527444852,-0.11553938691206211,-0.6272227697657674,0.32217137130399215,-0.23004606771973576,0.2613716352177002
ppg_red_median,-0.09795128158632392,0.1574388695523751,0.20710080994241756,-0.41091791291459695,-0.19362131078886038,0.05908410193085909,0.006146307196678625,-0.6931020152193351,0.42904841408961103,0.19034128609247336,-0.06574851701610979,0.02112575812012912,0.0016396804927933178,0.0047174573888163545,0.010489331066065677,-0.0351553198362157,-0.024061525213544963,-0.0694210372565399,0.005639393835555058,-0.024156382040433272
ppg_red_mad,0.2734897614194776,-0.2522830764373532,-0.1806068166209416,-0.019006272723016072,-0.22870277788223883,-0.1536429352527202,-0.09834152786555617,-0.230611705393541,-0.25464001639870226,-0.12771374005133662,0.05878576565166606,-0.386730706644828,0.13284500495349127,-0.012871071271701671,-0.07946276355262445,-0.19468970509295386,-0.3248611580420613,-0.48704229581966857,-0.22352120011658505,-0.03008821101904668
ppg_red_skew,0.061786212923145484,0.07619287843883801,-0.13669659536860726,0.11384178981184731,0.26865078018233574,-0.8100160720616498,0.09331926164523659,0.03231120317619046,0.40727239145842387,0.07091489845859769,-0.025564968138284308,-0.06532105720743403,0.1266300644017483,0.04756900386058753,-0.048622043902257946,-0.1469271996524496,0.03324523424998474,0.03440174818908906,-0.003442361536650377,-0.01757907107274929
ppg_red_kurtosis,0.1600073531866856,0.4174762674781499,-0.16741188431743334,0.01357663439726895,0.18444376128462703,0.0297766727965395,-0.23381649037771154,-0.06040473720266947,-0.054744258738893325,0.09772028371462976,-0.12491995219379494,-0.44517086164302083,-0.5964243229906495,0.2512421819414825,-0.017600579764464316,0.15985461200669226,-0.017392494444215294,0.06265040753151656,-0.05652752711110283,0.014697545165681065
ppg_red_diff_mean,-0.288365248918214,-0.0023189511336593857,-0.3055227611843335,-0.08274674341448608,-0.2339698190431756,0.014178791155595134,-0.16871125802260356,0.18125508831011927,0.19198773988303122,0.10112668237240219,-0.022559803499947437,-0.1398479339848361,0.3507306421496678,0.20414158254298964,-0.24107199827777046,0.5827508267997491,-0.25361822115953675,0.05996778624191302,0.00011040360700005737,-0.05402290078286113
ppg_red_diff_mean_abs,0.30816307081949473,-0.21661032409979084,-0.1875684129975045,-0.13916245538729913,-0.14341371424372648,-0.09179481313067764,-0.13493359992482817,-0.06960766030283265,-0.055645173164845844,-0.02310919310256445,-0.08905271148564183,0.16734789786052,-0.10787748282779518,0.1575043831480007,-0.031244040621018255,-0.06923049512731148,-0.19162152428590795,0.17755378953534773,0.7562910815596214,0.17181557566170289
ppg_red_signal_energy,0.31892779718787495,0.00520294137280547,0.3149687663691012,0.048464597621090906,0.14681202909538033,0.028400082231720865,0.08535097070458607,0.025336493281118085,0.05980347206977622,-0.0015306555931493388,0.03382515375024319,-0.04997196086519879,0.01399565126690252,-0.19232123853152555,0.06840326922833616,0.18151629468947272,-0.45764279689916665,0.20034289891165147,0.07416871365138586,-0.6552182350469461
ppg_red_zcr,0.028805131830564046,-0.15907065781935692,-0.24578084938283984,-0.4139273820047089,0.4226368270526202,0.15201748661734524,0.11571920043925951,0.020475230045884606,0.08752492843561079,-0.14528778481473262,0.09572835160994644,-0.001094817765853198,-0.13261914930615185,-0.34185368193746996,-0.5936602900865982,-0.015371680320321598,0.026385574248183313,0.0021239686747372357,-0.028334247228360847,0.004785239021552021
ppg_red_p10,-0.34844454714244655,0.16810357324763503,0.03159381047475037,-0.01652686638752064,0.13349309159770192,0.0636923799788038,0.04340829002214668,0.24574544792363717,0.05023238992805573,0.10821041361802826,-0.11398681571523014,0.20006599088912708,-0.1592027084846775,0.1996399535682353,-0.07383899905027178,-0.22791616535572737,-0.23621006124724842,-0.6220150971401155,0.2627794800407888,-0.25159739682493937
ppg_red_trim_mean_10,0.05378137582329296,0.19147681926467094,0.3259398013002523,-0.43243783074140163,-0.18526274229791184,-0.02166670778500313,-0.11376940848134648,0.39211923985435965,-0.04055963195789372,-0.011237233566115577,0.07796005195969619,-0.17724352031132068,0.15517060649906905,0.2693614019534848,-0.1934315058640571,-0.4422213527594042,-0.07486984498146121,0.27732226967187296,-0.11595594866654926,0.02966458626945315
ppg_red_crest_factor,0.16905032739520773,0.36457767459065243,-0.20817289858403248,-0.008603605253713575,0.198206453992493,0.040397311258202874,-0.17691542069044153,-0.11014248196075338,-0.3585249491833545,0.5962086974714499,0.1047780650738963,0.20555865738743428,0.36623343688393223,-0.1658231788172212,-0.051808282496559,-0.09116280878414416,-0.026475680308338453,0.009077426670728023,0.007681092382481522,0.006915688984963537
ppg_red_shape_factor,0.11815238317788317,0.40540510410030295,-0.13443272079591692,0.02885857838094338,0.11911292702798366,0.10692093387201669,-0.4375948924799731,-0.05523039104639263,0.187529905518263,-0.6412058656767189,0.05851307971157906,0.22952335923584224,0.22686303902149568,-0.046321916300589815,0.12642839531803077,-0.04735454254928862,-0.05445317062816193,-0.07190624880286274,-0.013102686264959045,0.007642828708349768
ppg_red_mean_cross_rate,0.02156096572565569,-0.1856502069380612,-0.22559752370480385,-0.41156978506701164,0.41393489472829487,0.15924382651022817,0.1861381145204596,0.05317413622536003,0.01925624704332669,0.008808669408336755,0.0011199887406035738,-0.16775179670622803,0.21134457259582135,0.2724409769741771,0.6019492112136154,0.010789798564557553,-0.0048979036413814,-0.020005154315147322,-0.015291524166025743,-0.003374353053050343
ppg_red_tke_std,0.32449415203203114,0.024327334800525752,0.275063112559533,-0.017052914038141888,0.06390618476146202,0.07439841638229037,0.014266192396925973,0.27828034018464465,0.28851735250492017,0.1730671092354937,-0.06266091503414575,0.05312413341856687,-0.035537470079562934,-0.20348637510651177,0.08872687866135176,0.20416509659631873,-0.3102119012900217,-0.2509239753850228,-0.09790170546692918,0.591566639816284
ppg_red_ddx_mean,0.2860603200930153,-0.04271918531355555,0.26898946690949693,0.13999828426032085,0.2559131398991443,0.06107111740845875,0.17782471162213356,-0.20799421865331996,-0.10704956736655154,-0.09360163343365266,-0.02335579916619296,0.19363575321962906,0.18541533062311366,0.6233463139538533,-0.3521566095317454,0.20542150379591778,0.11193714125570564,-0.1064120645804108,-0.08112008960237804,0.04938050423168955
ppg_red_ddx_std,0.2651082329999177,-0.17341668976397265,-0.278332898309609,-0.17385599031802693,-0.21443903511703769,-0.05095662613040133,-0.11758005202408484,0.13393552382704332,0.10023484434427152,0.12170645716654346,-0.2322475017296611,0.5290175328968438,-0.25755289235374285,0.13438734387750864,0.060218001037169594,-0.017856062114303434,0.022568560822141367,0.027233960769621916,-0.46071378751076386,-0.22605318074602188
ppg_red_dx_kurtosis,0.1555586408271379,0.33730948585628345,-0.19199097835496948,0.008556014193535723,-0.1910774185066569,0.10475867568298261,0.5244406071666314,0.045606683982358336,-0.04885504080442017,-0.14335482049576473,-0.6378378439189607,-0.09890820930694581,0.1883681571263694,-0.12353442957894763,-0.05992283188022557,-0.054940086687913836,0.02871944258720787,0.022923320041365953,0.0471916338314378,0.00013462697444002118
ppg_red_ddx_kurtosis,0.157045187718045,0.28640255464548725,-0.25365663787446213,0.0127355349653196,-0.2731885207931186,0.04492523579082722,0.4867887935999766,0.04259853585491313,0.10382003115995107,-0.03452113950970492,0.6747162810759078,0.08950799393494167,-0.1394051169940862,0.10790498592794365,0.03751130144630463,0.025390207733886075,-0.05663371449974663,-0.03568524290148271,0.021735505192296698,0.008483167486494787
