,PC1,PC2,PC3,PC4,PC5,PC6,PC7,PC8,PC9,PC10,PC11,PC12,PC13,PC14,PC15,PC16,PC17,PC18,PC19
ppg_green_min,0.031685676018929,-0.5267444216823602,0.2280535858630321,-0.07574298691943787,-0.016473076234632646,0.08030125242224877,-0.3694486612520361,0.02647610460788491,-0.08281203973692905,0.1533752921992246,0.0834581939450066,-0.06521639238161028,-0.3295854576618091,0.11926844114537385,-0.27279722743555096,-0.24573027289231228,0.02149161690396057,0.06514402040411779,-0.4646706563344665
ppg_green_median,0.19704534827079126,-0.483176034163916,0.09147485989587509,0.013842196099072408,0.023572903096299513,0.010538372714352554,-0.14171798816018866,-0.06675697975364457,-0.13686895967643428,-0.01889137092422875,0.020931161575928944,0.0008734485103698356,0.1414990059887065,-0.13027301184843604,0.38541149591737944,0.6175871469686167,-0.22523756262048608,0.22759458390608264,0.07027456497706533
ppg_green_iqr,0.3014108768435859,-0.0026107749757683647,-0.27771924891753597,0.10611502382207848,0.028459505936674578,-0.013241869418672269,-0.10547374923813414,-0.006302409404047962,-0.006287759962909844,0.18598323600069616,-0.255669226906446,0.047852333172257455,0.2828067572290946,0.6461103234026961,-0.376096472669601,0.2548642370162835,0.04619650058445283,-0.014680326494013065,0.011335295038441606
ppg_green_mad,0.29587574319725307,-0.015427454953575706,-0.2675399047053892,0.0014686652347329957,0.04297687413103476,-0.03176026518230392,0.001959073102115427,-0.061077250870616835,-0.042972764319383884,-0.034666993609818834,-0.7288291094733004,-0.09220850144402602,-0.459910856750542,-0.26700633946741775,0.07542531726362348,-0.045368522219313076,0.019962224894154574,-0.01680305724403306,0.008279646343901827
ppg_green_skew,0.049297109477534164,0.320165747619706,0.09867610449898533,-0.44295642670614555,-0.18047929451902714,0.16581418312794452,-0.5578317043687372,0.46231119452129754,0.006784248368480652,-0.15826818588450825,-0.13065069641211172,0.0006778628811090238,0.06628432433686565,0.09449749227569036,0.21463835407924112,0.03376020973313456,-0.011034278002521181,-0.031951668518239926,0.017349750984992734
ppg_green_kurtosis,0.10867225590540117,0.0434003088175782,0.4423543244141031,0.11478805774121412,-0.09443408315137225,-0.07357813215951173,0.3946269577998636,0.37974914952144667,-0.6250218446603345,0.059473253027355746,-0.17348314288550482,0.1020262700112334,-0.006094968585003969,0.14598385188711657,0.037178060426737165,-0.06973158832405268,-0.021774652102854973,0.020467097505722284,-0.0006394716584988984
ppg_green_diff_mean,-0.007759544971688115,-0.007452241534785439,0.054122125974069166,-0.19422304652403988,0.6561772685400593,-0.6851686843702122,-0.08029388427054271,0.21930098622321628,0.058341138928152965,-0.019283468609886476,0.01812803810285074,0.004668963611913357,0.0019998811272123524,0.004003038951198524,-0.019829079314210914,0.0050569748779158265,-0.005446939422961941,0.007584660857929167,-0.003967611499238414
ppg_green_p90,0.27171520298707735,-0.3652584413927575,0.007233504990223792,0.012385651824365811,0.00621503175611094,0.018624920432606724,-0.1813218855714711,0.03162429592861399,-0.09823259416220256,-0.003903980820509245,0.1070369536925302,0.04501368252581025,0.122991088808893,-0.08807074337555856,-0.020805826879502564,-0.33096442601465365,0.2223499879532054,-0.36279565014878873,0.649019515765054
ppg_green_p90_p10,0.3219052487422934,0.006165133568195451,-0.2297576602846936,0.07324591710019789,0.010780187581039977,-0.011420184454956532,-0.029048715586667037,0.044028585405631905,-0.007354939077995683,-0.006600688174239262,0.024050993298412607,0.133194792557648,0.37400062588966343,-0.11722437473918543,0.09946407958916986,-0.53365975584569,-0.4336974008569349,0.4019685420333729,-0.1369799473430231
ppg_green_p99_p1,0.33897254905921687,0.048283675801821704,-0.07650203698032422,-0.0005376042116831005,0.0020935947872352794,-0.01937447963773876,0.03786514248149021,0.005231916689132959,-0.11689337671438396,-0.12443661043238989,0.08586560495268747,0.009215597221368116,0.3556219905898783,-0.34212071597305016,0.0039207827882347035,0.10027040007316347,0.4909430188543702,-0.2724048382134588,-0.5192818470773679
ppg_green_shape_factor,0.28068170328027636,0.18676227228466652,-0.2343562530185774,0.08624276650136367,0.012263584363095976,-0.02530618544385765,0.0009280165846283667,0.10096220734138063,-0.0155922375689374,0.5620189754408966,0.3780218087903308,0.026718759994236,-0.3509326827770638,0.14190808646986133,0.4370072155588172,0.004844083247174213,0.04445743816487834,-0.11719365795552629,-0.05716530018528307
ppg_green_clearance_factor,0.3089884131128351,0.22511447241053095,-0.0052138407110649985,-0.08662666098078757,-0.06952773712555864,0.018178776846364077,-0.016004504415306094,0.1549554701692636,-0.09257140897859548,0.08456855626339954,0.29297169012272045,-0.1490630382078683,-0.17826136758393993,-0.378440288531734,-0.5912161432523455,0.2434277133757112,-0.12643289695714865,0.23343633196800093,0.19709719403227
ppg_green_mean_cross_rate,0.12268015280259359,-0.261624791957686,0.10131264907625442,-0.5027256729736675,-0.16544573465802678,0.03752540202438033,0.4779015082240884,0.21773749150155403,0.4854249842495549,0.290023824594778,-0.11615736673400674,-0.023048486247358183,0.11746860814117983,-0.02478693213826225,-0.011724305199089721,-0.004931177496064158,0.02312962841712815,0.0025194461458766695,-0.005780115206220434
ppg_green_tke_std,0.1625531661794052,0.23795631742604334,0.3907846928282025,-0.21519974986304388,0.12739101922513257,0.034901110077998086,-0.07652745918053672,-0.509446575321135,-0.09053845167325993,0.26442061173311354,-0.10121994668437972,-0.26456560596091716,0.16356021642101295,-0.025703656391126387,0.0011963592041603827,-0.046405548417017196,-0.3553065372307077,-0.3454654437766293,-0.039727583600940926
ppg_green_tke_p95_abs,0.3003923597291393,-0.06220759287070382,-0.11585388319174494,-0.2111263209308571,-0.06886259013121318,-0.04361680983223505,0.23187288265262762,-0.07297454522471358,-0.001125295054515994,-0.5963716643965474,0.2542373148369139,0.10064072099281761,-0.2757235017743291,0.27487281776741407,-0.0018932833066180044,0.027222160830938077,-0.31651165450468166,-0.30062918746912665,-0.09411228659450983
ppg_green_ddx_mean,-0.02346061341186358,0.001848728831235361,0.01203525262670263,0.021455799024076624,-0.6841002543493448,-0.6949499101519832,-0.13895358908286634,-0.15675463940526332,0.014721320537268432,0.04871612549802647,-0.01745459940127847,-0.01723515196729201,0.019860584967982216,-0.01639747501037364,0.006295036036777084,-0.009710238960186463,-0.001775797457944898,-0.004481220446686763,-0.0004098623820003988
ppg_green_ddx_std,0.2760815151108815,0.1414498589616409,0.2493558953195716,-0.21623093798620965,0.04982870781908628,-0.0014351440002858765,0.03645583135315627,-0.39521927094751275,0.012244918162891109,-0.15314230551389293,0.06541194550769225,0.017898191941333866,-0.10588070440611802,0.21875176920647413,0.1259604871311765,-0.09986727251333796,0.4669954286027397,0.5364300871906758,0.1260094315895144
ppg_green_dx_kurtosis,0.20304573199317782,0.11665128104622921,0.40311108250488653,0.31302392020797726,0.019386752875355743,0.009330819156653963,-0.12192282025407808,-0.001633318010599494,0.40227823865312257,0.01610972364084774,-0.08578281243281557,0.6734795776910784,-0.10348703388373436,-0.1028650433495697,-0.07059466091542194,0.0820373956313579,-0.06389683493240553,-0.09378825681183718,-0.021150279823604394
ppg_green_ddx_kurtosis,0.22618359788610798,0.02217955476446471,0.2602123989919402,0.475836525413905,-0.010879972004076982,-0.02226339144514728,0.003940471818816309,0.23414561939525452,0.3744464266741109,-0.19243906150426393,0.009246598087639548,-0.629991753535572,0.011353408562988576,0.1111928176821251,0.10085706225536246,-0.04218126091173888,0.00045855726150450534,0.005188477017114903,-0.008667076950743797
