,PC1,PC2,PC3,PC4,PC5,PC6,PC7,PC8,PC9,PC10,PC11,PC12,PC13,PC14,PC15,PC16,PC17,PC18,PC19,PC20,PC21
ppg_green_std,0.3142010275124867,-0.05507649007048568,-0.10957935843205432,-0.029621223321854025,0.008328020995360074,-0.01806935679031167,-0.02680056792257934,0.059379681696352445,-0.10897350628549994,-0.0019280662197057028,0.08627700203163728,0.2342109255432407,-0.03319572801413145,-0.11058090063683898,0.03743877005349878,-0.04933566906110332,-0.06448118923916886,0.38879225725707006,0.7913044993177417,0.0847794521403816,0.026615317395647445
ppg_green_iqr,0.22848166018873534,-0.27004853324657196,-0.2661450598028593,-0.002819588464284521,0.032634829382874896,0.05727046872206966,-0.0002128742564939936,-0.17362366014901431,-0.33078224180679877,-0.0343069971157185,-0.10750612336725353,-0.19201072705824826,-0.12465584083774618,-0.4400730918700158,0.5262936415948078,-0.2754449445064518,0.11276006885162985,-0.0952992950882375,-0.16290276890199645,0.007606948327222336,-0.00829366705237051
ppg_green_mad,0.22868299450619856,-0.26189642703393895,-0.21767230174699975,0.01982627098302791,-0.03400858438547687,0.06293479293891979,0.007499138716883858,-0.2469515109361119,-0.35225541240705205,-0.14973255383765027,-0.03555067192451822,-0.43254840622061785,0.15193062866179155,0.5685012549464155,-0.25790222342793306,0.024519453706302412,-0.11861211843084334,0.03279421301304272,0.0398586795946094,-0.011102631230459278,0.008249935746267938
ppg_green_skew,0.16716549451262835,0.2178579251827231,0.1783734128271838,-0.18669052547748755,0.08580385363401212,-0.26828041036267863,-0.17223069958446327,-0.7566644402142376,0.13718356978111773,-0.14329460133032657,-0.25536665605307424,0.16584043771326618,-0.13628404005549086,0.01552910540979004,0.051368076020852436,0.1324688678319115,-0.05775357317968691,0.030970974980205727,-0.012819654685870114,0.028722855132943488,-0.005382992287232239
ppg_green_kurtosis,0.1740367091840544,0.31024873812706394,0.2048701761726367,0.09116522035824191,0.08731504692317736,0.0754590011658944,0.07453717958089642,0.3947657108895209,-0.30269849133154597,-0.40279133183146326,-0.5772064660405022,0.05734847353715955,-0.07091821181637953,0.10091356776186984,0.12570920696200202,0.14454970460281893,-0.008821399789068944,-0.07605592862679857,0.01086778630044602,0.0072429721994902736,0.013917000379276689
ppg_green_diff_mean,-0.018059884356184355,0.01088025619719519,0.16183347895635247,-0.3929538654348747,-0.507506011193488,0.5950423318960509,-0.44109209431854496,-0.023289902314578677,-0.08085256018958012,-0.03126502055377066,-0.001480720920479562,0.04849643139086522,-0.025240110512577213,-0.02934349291493912,-0.0024602227682924025,0.026199075975494118,-0.0027123421616598586,-0.011489406090219298,-0.0022816254909640587,0.0018942623829864837,0.0016799532640298155
ppg_green_diff_mean_abs,0.29215824032390275,-0.01082891575163905,0.09614142183944145,0.16330254903027425,-0.22959533118491496,-0.06136101393079137,0.006461428608652235,0.022821740608047005,0.2763555436534546,-0.24827099241589295,0.2213403201771272,-0.1985790846670941,0.010452143305881593,0.0753508499553857,0.14650272520259577,0.26857494146120536,0.7009348162596885,0.03400783573111005,0.030566149372720116,0.04801149632117275,-0.007034123567425691
ppg_green_p10,-0.1687175827296355,0.35634714156793995,-0.3343528906436319,0.07698349033339089,-0.19156652872880767,-0.011632365645623047,0.011119294162376977,-0.029518033522128437,0.0204354365364892,0.04437659135381274,-0.07561031041152959,-0.2138335415171371,-0.028244649879478702,-0.0658764479753759,-0.0070505543611221475,0.05086719072476258,-0.053791670813093356,0.11023664957509242,-0.02565322381858191,0.7657158545760149,0.15930165957951642
ppg_green_p95,-0.012568605701837703,0.3072132798821056,-0.5389872730326113,0.1032349241769534,-0.27504716970609533,-0.01446174950236393,0.00845149594479259,-0.03728351395262657,0.06695667682486282,0.10434218076597039,-0.08221271587245174,0.17359775403219654,0.029064127244395464,0.1711849803646778,0.15585563890487894,0.050468381301841544,0.004232637757945055,-0.23613643213197416,0.11201852317049292,-0.2679981509251886,-0.5268525218324988
ppg_green_p99,0.14925866130447937,0.4095219370919616,-0.27146835468645436,0.012364771105993676,-0.14531065373017948,-0.0861872368097811,-0.05568757539932562,0.01718168632918518,-0.04518084882738576,-0.010260641363241037,0.0280734526730981,-0.09257147833051506,-0.03312037584071828,-0.17221365590888885,-0.2549519887102453,-0.1404896260650516,0.06390499769533028,0.17218998631151985,-0.12167372678693163,-0.4816902760987653,0.5446706695531675
ppg_green_p90_p10,0.25723081576999923,-0.2596147334178056,-0.20833575316493108,0.028459825861177387,-0.004240341311354352,0.02343166581999356,0.010894593466754865,0.01957974850438636,-0.03465739217293925,0.02631215292816942,-0.10791274758309208,0.1607538258278536,-0.06727020512710552,-0.40818032568710283,-0.5083552794180085,0.4800052296179592,-0.008026980384610884,-0.3336801068843432,-0.041009578800294835,0.09218500227798042,-0.014696059860227567
ppg_green_p95_p5,0.27393856291334784,-0.17867333601985477,-0.18287009787954275,0.03981754087113683,-0.07135568346873253,0.01809283334811827,0.010890533102125621,0.06371948509846048,0.06830338019445545,0.015647522760158867,0.07147256666273392,0.6233481329333584,0.046406324592453176,0.3758114840963458,0.18503724429118976,-0.09999312684584095,-0.026716298567522948,-0.07781505568668672,-0.28818158823478923,0.18780666006874572,0.37028809713893646
ppg_green_p99_p1,0.313597548979284,0.09088925209393842,0.02083203274149866,-0.02578447290749329,0.006002337028567374,-0.04843402576140243,-0.04174668693939456,0.11324034204789384,-0.05767571765114034,-0.12142361972793679,0.1330477085225181,0.10853710137946453,-0.06379261504596508,-0.08684152077069224,-0.2738257326631814,-0.2303771211867296,-0.025200198606655094,0.47738301417831436,-0.4308002275161282,0.12026844838009525,-0.5094591842985057
ppg_green_shape_factor,0.2712316908127988,-0.021550799902427836,0.04044701499219244,-0.1979579299344578,0.03263687924528496,-0.1649405086793943,-0.16688037018059015,0.20484610783621054,0.047678696941905074,0.6601409887933103,-0.2506009645128159,-0.1970734711787864,0.10462086895017553,0.09453201493723347,0.2110971914085059,0.3311856472849172,-0.028820878614390533,0.2332983406310067,-0.1263683683884436,-0.04467634384666837,0.0038003664058487772
ppg_green_clearance_factor,0.2920913379978477,0.11134979535939402,0.14314014267327635,-0.139694393517092,0.026412191696775587,-0.1378300805280937,-0.13121145383059724,0.09653733063372316,0.12279567652814352,0.21119994208786794,-0.1439796381044973,-0.10432496248095173,0.06085629292735355,0.05311359773260525,-0.2503164564233833,-0.5761291492232588,0.1990166694753787,-0.47040398347168055,0.1706729095097065,0.17892136433361422,-0.04017808087329654
ppg_green_mean_cross_rate,0.006949886522569969,-0.008116631730628108,0.3922881965446965,0.5104073124095159,-0.5137063873601807,-0.1434076649186716,0.15376215386837871,-0.17678028541417662,-0.3606205516096516,0.30694351322946023,-0.025743470697091993,0.11231311321933102,-0.005655714009555716,-0.05223353435690199,-0.052371984414647896,-0.04866097703689575,-0.02639519510111004,0.0018236384998463133,2.6492365228732142e-05,0.002755015377070932,-0.00299231130337157
ppg_green_tke_std,0.22641777953499578,0.2882792352867428,0.12562584999838908,-0.11736917328564003,0.057539600474547536,-0.16518893900637832,-0.07857617090526442,0.1071241992035597,-0.25794242579243937,-0.017255194654384458,0.6092289001740043,-0.10915430429633531,-0.26603123857430766,0.04850259883709361,0.16398335455127425,0.1933830095203012,-0.30242759456716295,-0.3267385535845815,-0.01062001997674318,0.0464226507444128,-0.00413671034616889
ppg_green_tke_p95_abs,0.25590839060905834,-0.1485166564454242,0.06125383415911942,0.22728177414731615,-0.27373823494451455,0.0010592100710150054,0.009922600937156079,0.08993390065539539,0.5533227013883156,-0.20343464121064636,-0.09405292809517486,-0.2440287431023608,-0.015619600720117975,-0.09634027536639327,0.11257265219397804,-0.079574621546656,-0.5697273252493571,-0.027180663180551744,0.007825350046704945,-0.05935567849789653,0.02311316729167548
ppg_green_ddx_mean,0.0013175840477788832,-0.0518652874440378,0.03045065398739398,-0.5989224534863271,-0.35066128597920737,-0.19976385177110792,0.6824623853934618,0.03193346026454588,-0.013068069719756067,-0.06967378274230895,-0.03349155610717164,-0.002687565243376373,0.031897805591239906,-0.024980135278273363,0.005148926858160413,-0.0038237387885869984,-0.012420289716670202,0.0017784088136491743,-0.004222657908589927,-0.003564143883729904,0.002152515843625987
ppg_green_dx_kurtosis,0.22456340723847792,0.2717575077960289,0.09581059255239732,0.044461481565186686,0.16811419791652035,0.3118500322852449,0.2052162248356806,-0.16745693016411536,-0.009834087561039088,0.02285102801690817,0.1385134938225636,0.02570146182814588,0.7699204888763423,-0.18444156933407826,0.07958825091612062,0.05805890498640399,-0.08011756519912093,-0.06009846400785916,-0.028063738215377727,0.03135680173890608,-0.011225407979800772
ppg_green_ddx_kurtosis,0.1904998943470799,0.14215816184335842,0.040329940858966525,0.09666778541353528,0.19675050996158397,0.5609956003016885,0.42576568619105754,-0.1578547229309728,0.15737432919982924,0.2840786922197679,-0.011634621459773143,-0.059310609518615665,-0.4928961506090413,0.12041417487769983,-0.04812969434357436,-0.019825437618100506,0.04647520672418433,0.031203332836810767,0.009033285148792763,-0.018745850014798664,0.008094609584169934
