,PC1,PC2,PC3,PC4,PC5,PC6,PC7,PC8,PC9,PC10,PC11,PC12,PC13,PC14,PC15,PC16,PC17,PC18,PC19,PC20,PC21,PC22,PC23,PC24,PC25,PC26,PC27,PC28,PC29
acc_x_dyn__harmonic_mean_of_abs,0.2016480233950623,0.08335389001541083,0.24041797788211677,-0.11175124461311302,-0.10340496132744326,-0.1438680974909123,0.08983651522409226,0.16650090993267816,-0.2669054092030413,0.19328284202152163,-0.2578884355800998,0.23459983841186816,0.2785961865088173,0.00992040251413121,0.6237136040330648,0.0800741651708157,-0.029461125201686863,0.18040333119240537,-0.09804692716697751,0.03823422961941176,0.0009916492961243666,0.1776301739586844,-0.04012154550596316,-0.1462986516021412,0.07585750680615488,0.03589042861464543,0.07279309665178875,0.0014695718477983667,0.015292972485377218
acc_x_dyn__quantile_0.4,-0.1962237427934074,-0.041450505191490045,-0.15225624571668256,0.11977311204377082,0.20162018822862401,0.40618767943539463,-0.3234157402601132,-0.21290262521901218,0.09763586364658045,0.30893081999763283,0.11977243826585568,-0.09913065965907474,0.07641337197243968,0.1618160240812392,0.15851650992315308,-0.022924422314311566,-0.05946015053949861,0.199941305634635,-0.04355513964216575,-0.006333651107373645,-0.14891063260377543,0.21823677420846654,0.06743157600275426,-0.10705205613675398,0.1351513440694032,-0.0077884521767464495,0.47300139393105217,0.07197930171644595,-0.037019511442673174
acc_z_dyn__approximate_entropy_0.1,0.16587043481696837,-0.29130299644541213,0.05101836528356149,0.02563601680061313,-0.20103883177958354,0.09187989094145611,-0.22063878470099946,0.13622555356460123,-0.06688609557115391,-0.09002439322399386,0.13852756484883721,-0.2413685367605384,0.021749192298158297,-0.19478335251188592,0.05948829023263721,-0.17541460749425006,0.4002358791623606,0.24997838856761365,-0.17350438359287887,-0.21274627130994073,0.09594468342151914,0.12311062241598508,-0.1446457791605718,-0.0012230342745019965,-0.3855406836103756,-0.10108892924113745,-0.02830853699885738,0.3201888329628357,0.00339178981120891
acc_z_dyn__quantile_0.4,-0.20690391155269303,-0.08558551789349671,-0.05154684336955486,-0.00819113132160447,0.03977425348227136,0.05430102755312275,0.1723619932281238,0.5457888626081601,0.3296560331448785,-0.003101838860578225,0.10461612881577756,-0.008428373657557685,-0.16302076621275768,0.302986413715382,0.24288911278881503,0.2619773505388194,0.20737440547713024,-0.0394877142554599,0.3006033112354074,-0.31806137354843544,-0.0248276239141714,-0.008930278408808083,-0.018108672592297672,-0.03968546222829569,0.010206138522775136,0.08959588786581212,0.0009150416556860269,0.011194138250858842,-0.04867582557232368
acc_x_dyn__sample_entropy,0.17699838495223438,-0.30064333461294057,0.0049826727341666524,0.10759711703726789,-0.0675412372985647,0.08905823911527058,-0.01898403571499644,0.07327491712927377,-0.22671303794496425,-0.0688794106914226,-0.10669973494493618,-0.012808123049875086,-0.09891281008577016,0.1469964515215571,-0.1287570641616345,0.22493657719876423,-0.2640869562910331,0.058262716578695195,0.08756558880991186,0.011014615299268154,-0.02945767537669307,-0.06561876800121078,0.007040601844752178,0.09231514447628754,0.43958981764828275,-0.017257485779608756,-0.09482832176721308,0.6181228072552277,0.054090629823890464
acc_y_dyn__harmonic_mean_of_abs,0.18428150263763057,0.11122116346008269,0.250100765043306,-0.022793834342441203,0.1439253126276391,0.25031083952075567,0.10853812108216895,-0.06975300611353806,0.1452434141174419,-0.45595627437931335,-0.10162941453341184,-0.3260269988975351,0.5659856337691659,0.28386157997904554,-0.01998049332138834,-0.07961701800107149,-0.04716202918838762,0.03914956504521061,0.1473717638804019,-0.04119791717250122,-0.06559154579635502,-0.04737238818199176,0.0007225015031713281,0.021182458107038886,-0.02736777980810346,0.04374643539801005,-0.014484172463807458,-0.015841574465634597,-0.0048286896246774475
acc_y_dyn__sample_entropy,0.15546348763810028,-0.3138289078984251,0.0253732400407795,0.10834227167916376,-0.10700201380367151,0.061201387444826776,-0.1579646154378418,0.08323846373858346,0.029739310622774427,-0.07526004672856952,0.15466785865509902,0.40078227293409746,0.16800722325722697,0.2146694453914078,-0.08433743823855663,0.04499437740598629,-0.22199712999855387,-0.4211049450507105,-0.23937007942912975,-0.07238800468458684,-0.16849718872775293,0.001856824282976682,0.18133233985333552,-0.2864291124998065,-0.31916040255366,0.08415111746842119,0.035839992218077786,-0.023434022910049687,-0.009695417302807464
acc_z_dyn__sum_of_absolute_changes,0.22945572481595836,0.1288701697211171,-0.17814260016798394,0.0424694549010111,-0.014604493787106187,-0.13277000562964303,0.04287166760159299,-0.08882844478234724,-0.040655027177281707,0.028378720954045016,-0.04584098658587008,-0.023804060635937947,-0.11461608870892553,-0.013214036697807302,-0.10526447640387655,-0.15541559875721014,-0.05690406780488488,0.23404929915338582,0.1579783213571013,-0.16478229672170086,-0.20133392402752645,-0.1320283693553464,-0.13187202165795883,-0.4111144234835397,-0.03258471604531018,0.43424674104033867,-0.010157511215349073,0.07206532016646768,-0.5162692700667116
acc_y_dyn__avg_amplitude_change,0.22061775881537174,0.13017478790827233,0.03458648051584346,0.021835543679408886,0.32023650274616855,0.13078667682632886,0.0935174255869506,0.1340156664881978,0.021421011474056208,0.0014510936919465837,0.11572484776235858,-0.004014507430591359,-0.11534046818241969,-0.26885240697573665,-0.08956702778366071,0.09191349506664828,-0.04147153044599669,0.12132596027340375,-0.004859995071928979,-0.0020187372944059567,-0.029158358422771848,-0.10801544964747538,-0.06956777816599748,-0.3544140608826383,-0.04289997021577646,0.23155962036864244,0.07211282019813271,0.02226412305780052,0.670695155533657
acc_z_dyn__quantile_0.6,0.20333407197451067,0.10070473327664493,-0.08459080066184894,0.19189116696423694,-0.26538665770109254,0.14244469542868948,0.3693194915195188,-0.032437676836177175,0.0905253794585896,-0.05740618484682371,0.19560638755083581,0.04909817852911566,-0.22167423064072048,0.19489943237524288,0.13207043298770904,-0.1484931387218288,0.1536801509589304,0.19844742463664033,-0.11968169070315192,0.33185095646284046,-0.47038425318087695,-0.06601180758327174,0.14611675954456016,0.034444997057862234,-0.002291307010418689,-0.23240066800079823,-0.05429405131420668,-0.012512830763678809,0.0697317824378076
acc_z_dyn__variance_of_absolute_differences,0.15853210039949864,0.18414017988251621,-0.39835643136778104,0.19226071993640542,0.013604454473898577,-0.10742537922878827,-0.2995713927025396,0.011510962208661744,-0.1299895679971622,-0.1331207120948789,-0.20650143992406805,0.12775033541939382,0.022102579282732276,0.048909063287880396,0.1433067840935526,-0.24523396352070426,0.008711336486686124,-0.01674562684153438,0.2770219835550438,-0.3829566930744899,-0.023654221575259322,-0.15639769846986665,0.19633236189507924,-0.008352543677714807,0.03633344461667182,-0.35265138828640236,-0.020787733442764123,-0.06816945975624185,0.22003864229938816
acc_x_dyn__quantile_0.6,0.19814867204661368,0.12028515201942526,0.16974827561062847,-0.0027492457013914323,0.041871444864159606,0.2366413012311752,-0.14911334777227783,0.10157291837769529,-0.11281781057106223,0.6435785726243223,0.0005405331909048072,0.010328382346016836,0.12729213756761906,0.1884313770376663,-0.1864472697115558,0.026827091517438336,0.09754104071225271,0.03588271409345775,0.13732212488901938,-0.006970641971959284,-0.04043150457051868,-0.3097023128842492,0.04368040235821626,0.23892825290999956,-0.18514890251705565,0.04053369480761582,-0.29668466723754044,-0.05201671915674521,-0.00434749125114258
acc_z_dyn__sample_entropy,0.1802697798472254,-0.287180664923447,0.04565161322373478,0.06498728126556493,-0.0045922145946257,-0.04470519683590485,-0.04031627032749931,0.12733143250552298,-0.21720927055002054,-0.0320566758988143,0.3566323835173251,-0.1464873336370676,0.03856845059508366,0.032756209448031925,0.007004025306797734,-0.1316065573145095,0.08887619372820436,0.06539149983449466,-0.21096428782725907,-0.1756630727235331,0.08037772911140455,-0.14846494910112554,0.062004711068933294,0.06600505483657676,0.5014880257628781,0.14501825687485975,0.030401956790953505,-0.4936799537393918,-0.0259794608914077
acc_y_dyn__variance_of_absolute_differences,0.1793124602685027,0.17836316138100183,-0.18078865947081743,0.1569211821093046,0.31586193432773774,0.1749245025515958,-0.05054021028174898,0.3479151410076899,-0.05827362398783608,-0.10400939267753843,-0.0165741452342876,-0.12777627705279004,0.013138225264825287,-0.43484626956442335,0.1357999875781592,0.18036121675512237,-0.09920100255123904,-0.1754026786487727,-0.18165523796301594,0.07798687171626306,-0.19012074223126024,0.07597173272261462,0.21086908621099854,0.2788127782474607,-0.048909752761352725,0.03054644711895288,-0.033014465302026626,0.01816404919418439,-0.32427564011909893
acc_x_dyn__max,0.17387793335439047,0.1900206719970709,-0.06041685172889924,-0.31719731072770063,-0.23114179806835747,-0.16625208079882475,-0.17756224331008874,-0.012785994562912168,0.35077843206049275,0.010471826054078561,0.23859068756880178,-0.13951609697114634,-0.032538176469217396,0.039017599685557125,0.04156853668540286,0.2445825141154014,-0.4437732985661877,0.3330474400676312,-0.1796437973642247,-0.1461792263056061,0.12385846385375214,-0.031511038823729194,0.23394493295444435,0.06874498743903724,-0.06627347554878746,-0.07300001329958604,-0.07464063791901225,-0.004943378600603341,0.018938745777515965
acc_y_dyn__quantile_0.4,-0.18711031166220252,-0.09589897050508757,-0.3104157697747299,0.12174568041655323,-0.23345827865826901,-0.01517549618711155,0.25219902502458175,0.18603075157128532,0.018441487373851553,0.23878981178450234,-0.015300344692944995,-0.23199040700496698,0.4732762517886557,-0.22889462633203336,-0.17001746013592559,0.1349284752579164,-0.06595704463426405,0.011266820000224477,-0.015238898321409984,0.06782085936352472,0.021328247229599594,-0.13932479261823208,-0.02240561029564095,-0.3605641035118227,0.07078318818356695,-0.2995335629093048,-0.03118775882701436,-0.02704016332819649,-0.025314007228828983
acc_y_dyn__tsallis_entropy,0.10747251328191575,-0.13683993447923898,0.28031880715277097,0.5290340507813742,-0.03954541641245942,-0.2511488338674528,-0.14550409038364664,-0.10727003584193681,0.5605002367003891,0.13757805203293166,-0.2475439363142781,-0.09244764653620029,-0.011470336842975873,-0.16338369083437085,0.14152226745768243,-0.023764600997017285,0.03712998186198554,-0.061373085380739746,-0.05460831966757402,0.0398039077884806,0.010919317318128842,-0.1763269353943875,0.024642971182739483,0.021502575481556346,0.11849467780700122,0.07999702958614528,-0.0010828902103972198,0.0223297312229734,0.026210148357028017
acc_y_dyn__katz_fractal_dimension,0.1747027347864968,-0.21821790583405762,-0.08185384811994399,-0.010030640742426511,0.30751929698871483,-0.12523738271458032,0.13464987485644067,-0.04228152502198495,0.24850095354286367,0.015683095866193895,0.21715371875308356,0.5199372587080872,0.27711787365687923,-0.16696398776034826,-0.15991856220081926,-0.010102760566749414,0.031636529647898995,0.3095305204830243,0.19142045232800836,-0.028361726793668808,-0.030601425272124838,0.1565306555798777,-0.16358812975234063,0.22466770049452756,0.04985291210182556,-0.1645480368830595,-0.006139789041929396,0.010832437800961114,-0.09167539903064073
acc_x_dyn__cardinality,0.1255773607602153,-0.15644603154463096,-0.2247954545121744,-0.5569819443173596,-0.1189681404083628,0.2841061388095648,-0.08789866125789836,-0.03432933114181464,0.2995887993406759,-0.007606652900674428,-0.18757865111171385,0.13380072069449453,0.048031908405800676,-0.1925452719321382,0.13846760381231818,-0.167671555381221,0.21891368175602763,-0.17908704694858238,-0.01895074887240059,0.14270549228830218,-5.604220954096248e-05,-0.29349122399141936,0.06715025517860329,-0.018422038386533356,0.22646021837656327,0.1255519422070206,0.010271501944618658,0.08241418238468307,-0.0010541729605871514
acc_x_dyn__variance_of_absolute_differences,0.1732251389660779,0.18164511432655409,-0.2842075762754754,0.05751699263343984,0.026597495975345074,-0.2941233898677031,-0.3625971757261962,0.03634030193556545,-0.010785131896706638,-0.10261904830451785,0.18701272908896116,-0.03825421688242589,0.15115307852090673,0.26092415957192827,0.007049998883590157,0.31301738407174234,0.32534774462369326,-0.08644876844646618,0.005027284617550477,0.45097300546134683,0.09155474054906287,-0.02527822046562227,-0.23694592871204304,-0.037160993693480894,0.04339632422300097,0.08435613945698811,0.037620725075823334,0.04998035168901045,0.025993146351520814
acc_x_dyn__quantile_0.3,-0.2293694643950457,-0.09187758865698399,-0.17691456001149583,0.1043208235402587,0.11211075926603153,0.16471192631285522,-0.12347629404906826,-0.17016920887966014,0.043827558203843285,-0.05531736474565408,0.038420058436181896,0.028853134871831637,0.048229801446023186,0.01628916959101,0.24548621284558605,-0.008561206624155096,-0.050050932063710106,0.10172423827252022,-0.08731154840992918,0.02961272178670534,-0.0111893151029875,0.20039244655758776,-0.05611554043333598,-0.14121425043999936,0.06822652451067501,0.15177787177899452,-0.7878546817425098,-0.06386949415838122,0.0737189885179367
acc_x_dyn__quantile_0.9,0.21915119762980054,0.1470938991285348,0.0595860511968171,-0.16323647503515917,-0.11657446325460794,-0.12723314658172136,-0.048487296720788955,0.03689699684046861,0.13453465097138806,0.1910967619075692,-0.04676961680030487,-0.1554545814675097,0.020941312000386382,-0.016123220966627744,-0.26510431609685065,-0.0605665172548884,0.15263855707680396,-0.2765114355778516,0.025609073749376505,-0.18251863667611337,-0.3163158211917289,0.6152560904744396,0.011682454191818854,-0.06649091838067346,0.26419279131663614,-0.03214455248801126,-0.11146658032204522,0.00573683002527612,0.10422557164330809
acc_z_dyn__harmonic_mean_of_abs,0.1956663546295666,0.09645426769926431,-0.010876954220082346,0.14104170415700024,-0.2608433751751909,0.22159127545805576,0.1882452837868203,-0.4701100272006345,-0.07110451141513172,0.022057114348759274,0.29605731853918354,0.027869994014309576,0.031294446200195704,-0.21507433676684212,0.20878895411099652,0.3667006192189477,0.11427643318423099,-0.25754831590947264,0.2676669578323336,-0.22843893059385678,0.1689874090466013,0.022647589039352815,0.0014908595013853284,0.04054211109481096,0.0030399095482724794,0.062441616257667754,0.028649229571517117,0.011773496756853973,-0.027343298737157695
acc_x_dyn__approximate_entropy_0.1,0.1592729598158647,-0.29377241780590946,0.020425277377882727,0.014704682653595008,-0.2444430261048429,0.19280831160797676,-0.21787176554084645,0.11761521873651008,-0.021744769322165736,-0.09724700562702814,-0.21093801347989707,-0.0652414492397917,-0.1637315408170204,-0.11750340483173034,-0.058403122034645115,0.1452728082223392,-0.16982708406388972,0.16130240823332825,0.46172250751905125,0.3020990914122209,-0.02137134635381027,0.21270998136278607,-0.04264586730829648,-0.030180124247450514,-0.12222071905478164,-0.0055216945642401535,0.038210324434607125,-0.4259846362793283,0.0046845944826845645
acc_y_dyn__quantile_0.3,-0.20809043541218553,-0.1341081922933451,-0.25591971263435953,0.026319834043567657,-0.21349237491913095,-0.22935663224957908,0.07381236083680723,-0.03529491859330373,-0.08741128110002935,0.02494631889308506,-0.032606246961059064,-0.06238297913424844,0.24749839469134885,-0.0501705910918455,0.0143358366947035,-0.025806178348875553,-0.01895085559697034,0.08403683814895317,0.08660745450021747,-0.035158264098059805,-0.2878275426449671,0.02665640816693212,0.1680022657231992,0.40315232529152356,-0.1472961217081935,0.5314449918630046,0.10383684819487599,0.045459150752805134,0.2869455585308014
acc_z_dyn__lower_complete_moment,0.16349954944453143,0.19414943608640178,-0.2751152534308819,0.2421465665958756,-0.21384625520199252,0.26395168969446803,0.1777072530194614,0.18812169407112755,0.1383727246434428,0.050564048451540035,-0.13407968461529057,0.12859163664379858,0.0006188303337779642,0.1528479197390809,-0.10582087610546002,-0.24982608270558426,-0.1417558362529342,-0.01700969531234133,-0.1874067873289325,0.0038981674256578043,0.4845043759763441,0.22647148252707477,-0.2138988165085809,0.1663223457788405,0.023610975251089586,0.20905333346685398,0.06648177327485472,-0.014290006800893608,0.04282840531929213
acc_x_dyn__katz_fractal_dimension,0.18706698128797047,-0.21608445189618178,-0.15932184540298178,-0.011554881213043563,0.25162403909168585,-0.08809807017253297,0.23744908790340336,-0.1579439465899988,-0.021277130978293157,0.07041612698514822,-0.2506540830228301,-0.08805885569787283,-0.06061027012451389,0.17221261023332082,-0.0996711955034692,0.16059617821843844,0.2755426102531767,0.11975913060760521,-0.0671363237013553,0.051672355031259054,0.304908067131036,0.16479875602648777,0.5902400750690106,-0.11722839066098165,-0.1085373245917072,0.04234554665668297,-0.013598683114483976,-0.02697193225444397,-0.03406392865432001
acc_z_dyn__katz_fractal_dimension,0.18465703915911982,-0.2111483487369974,-0.10656700628700287,-0.092444490257687,0.20969931552180762,-0.19915452103158257,0.14498399677946291,0.002514886566414188,0.00938990120187025,0.20866840276412132,0.2756342196673452,-0.3078063001863761,-0.04529951689019137,0.061808016311368265,0.299639337588744,-0.3837585932920619,-0.2969278084481627,-0.28422393553710873,0.2694786368624105,0.20068053708367528,0.12611936138688817,0.056418945903036685,-0.048258943289133625,0.007922500013690712,-0.1319867299702247,-0.05362605699193162,-0.023355023806838203,0.12137754928216744,0.02409289771836707
acc_x_dyn__approximate_entropy_0.9,0.1812018943671052,-0.22314102571300481,-0.24141023111069432,-0.09533605179367516,0.15342608989530526,-0.016754542980864855,0.14191515465004914,-0.20353017118819,0.012218925609746276,0.06948376459400117,-0.300191307557239,-0.1674116178166237,-0.11203535937460926,0.15367185980412407,0.06903155999725917,0.2628602169713105,-0.07458292811989566,-0.06229402523824481,-0.2890655340208611,-0.22396141086151122,-0.21471278097075375,-0.08839921272711053,-0.48401185731183954,0.1455313214042788,-0.1379921311476112,-0.12935577575896168,0.03880719235202728,-0.1947824726103947,0.06107569645341475
