,ppg_mean,ppg_std,ppg_min,ppg_max,ppg_range,ppg_median,ppg_iqr,ppg_mad,ppg_skew,ppg_kurtosis,ppg_diff_mean,ppg_diff_std,ppg_diff_mean_abs,ppg_diff_rms,ppg_signal_rms,ppg_signal_energy,ppg_zcr,ppg_p1,ppg_p5,ppg_p10,ppg_p90,ppg_p95,ppg_p99,ppg_p90_p10,ppg_p95_p5,ppg_p99_p1,ppg_trim_mean_10,ppg_mean_abs,ppg_rms,ppg_crest_factor,ppg_shape_factor,ppg_impulse_factor,ppg_clearance_factor,ppg_mean_cross_rate,ppg_tke_mean,ppg_tke_std,ppg_tke_mean_abs,ppg_tke_p95_abs,ppg_dx_mean,ppg_dx_std,ppg_dx_rms,ppg_dx_mean_abs,ppg_dx_p95_abs,ppg_dx_kurtosis,ppg_ddx_mean,ppg_ddx_std,ppg_ddx_rms,ppg_ddx_mean_abs,ppg_ddx_p95_abs,ppg_ddx_kurtosis,ppg_hjorth_activity,ppg_hjorth_mobility,ppg_hjorth_complexity,ppg_perm_entropy_o3,ppg_perm_entropy_o4,ppg_sample_entropy_m2,ppg_dom_freq_hz,ppg_dom_bpm,ppg_dom_psd,ppg_bp_0p1_0p5,ppg_bp_0p5_1,ppg_bp_1_2,ppg_bp_2_3,ppg_bp_3_5,ppg_bp_0p5_3,ppg_bp_total_0p1_5,ppg_bp_ratio_0p5_1__0p5_3,ppg_bp_ratio_1_2__0p5_3,ppg_bp_ratio_2_3__0p5_3,ppg_bp_ratio_3_5__total,ppg_bp_ratio_hr_total,ppg_spectral_centroid,ppg_spectral_spread,ppg_spectral_skewness,ppg_spectral_kurtosis,ppg_spectral_entropy,ppg_spectral_slope,ppg_spectral_rolloff_80,ppg_spectral_rolloff_85,ppg_spectral_rolloff_90,ppg_spectral_rolloff_95,ppg_spectral_flatness,ppg_psd_peak_median_ratio,ppg_psd_peak_mean_ratio,ppg_dom_bandpower_pm0p1,ppg_snr_dom_band,ppg_harm2_bandpower_pm0p1,ppg_harm2_to_dom_power,ppg_autocorr_peak,ppg_autocorr_lag_sec,ppg_autocorr_peak_width_sec,ppg_autocorr_peak2,ppg_autocorr_lag2_sec,ppg_autocorr_peak2_peak1_ratio,ppg_autocorr_energy_hr
ppg_mean,0.0,0.13072546253875295,0.22070038975033296,0.10973603842872205,0.155025291057648,0.38310866168597907,0.09797712441041122,0.0995849606710836,0.1637985550240891,0.0692449368423849,0.2449176291697056,0.1530486332495811,0.1429078906308369,0.153050545740193,0.13096592447053487,0.09116670119299129,0.009368981673530143,0.2019062395759692,0.10715760423079056,0.11365002276417693,0.04785401790313375,0.09055278693431426,0.09112962830030427,0.08859811645482692,0.10461363348404855,0.1355800012990268,0.3228005820412006,0.12118579453871828,0.13096592447053487,0.03968351534980469,0.05798708757191301,0.06300440692431243,0.07116614163526032,0.03153493237803373,0.11818206061537817,0.12154297193112175,0.11184493764936504,0.0590863690930924,0.2449176291697056,0.1530486332495811,0.153050545740193,0.1429078906308369,0.17207138613860168,0.0919806685066555,0.6751670866473707,0.1606705984085904,0.16068142381310058,0.14048626650993917,0.10804154536185316,0.06757172817041837,0.09095009030264725,0.04100002064039049,0.0067590208975610525,0.010859555523974046,0.009890014061323995,0.022884341994273746,0.01256891347492766,0.012568913474927654,0.045668524532138245,0.05213207053350751,0.04242393238467801,0.03101633994073018,0.04428347060177648,0.047255899724597906,0.04027258411257546,0.04124571334002857,0.009756145148380548,0.011781253570375416,0.0003970036087841394,0.011462986787287542,0.020900537228353857,0.00847578537334803,0.0040764381120722525,0.04355216684365083,0.1428603494009179,0.0003270365202963377,0.003025792806372101,0.0014692162235266147,0.006408700458440949,0.015195488230052793,0.018264149814207205,0.03053049403644817,0.02370606683055754,0.0018430149743216989,0.047159151000497924,0.021390420378769225,0.026719955137025936,0.03724919475185238,0.03329689268127758,0.017572941012163435,0.05510238181618618,0.005210979920265011,0.03823351833011555,0.03357885034730496,0.024934674887735847
ppg_std,0.13072546253875295,0.0,0.9596975635268993,0.963666438877167,0.9835382295740813,0.19454572831276337,0.6661213174353611,0.6689531853054964,0.39289037861840487,0.24409247582546853,0.1614968192166969,0.9895704002917268,0.9567853440731123,0.9895705747729344,0.999999723445999,0.9328730587743134,0.09806084971637827,0.9603125048808648,0.976026396983998,0.9509732862818914,0.8099236873904522,0.8019640912682642,0.9591868948390851,0.9142890894295375,0.9433927251778222,0.9899120216331668,0.7447077736768676,0.9680437909457695,0.999999723445999,0.1207322673319573,0.1631067390466683,0.14109426206855502,0.04371566341285335,0.0597184878043139,0.9231387737839095,0.909915421187702,0.9237260861709924,0.8872219636924864,0.1614968192166969,0.9895704002917268,0.9895705747729344,0.9567853440731123,0.9581209115662499,0.5333222787746884,0.02692042056376792,0.9785609195311153,0.978562452952421,0.9499412734335596,0.9602119977568006,0.38989142521833275,0.9328094281368359,0.13365366843058846,0.2502559050601898,0.08191777006843869,0.08434627054286739,0.1516647988327558,0.06863325331399349,0.06863325331399338,0.8019637690272831,0.8224099343126422,0.7875837298746398,0.665663655750557,0.6229630089542814,0.7687806790118784,0.7583276390643876,0.7668236759113757,0.007101092782708039,0.006607286447692767,0.051107628107816466,0.021688180258333405,0.20263124410374758,0.0535685403618252,0.16407204384435908,0.1929821832687504,0.14527819940981618,0.29176161608600354,0.2322827040604616,0.025238621738327964,0.04303333491500654,0.0926231565704861,0.14022284651303157,0.2525651686699509,0.2140725876116746,0.30457608729802155,0.7634609068948308,0.173271963397833,0.7121125020342728,0.11440601225840967,0.19733352897838596,0.19649595462805935,0.3317987356830275,0.14803542300766181,0.049380962623280164,0.0499373852559822,0.11308791290601804
ppg_min,0.22070038975033296,0.9596975635268993,0.0,0.9085660404501507,0.9640563235555817,0.15255817402018562,0.5753612816841002,0.5779438333265083,0.2621074415204445,0.30003281796391545,0.1767547026073247,0.9657396211765411,0.9038063284234936,0.9657398799759382,0.9597435320279848,0.8826461175689593,0.09080848089471849,0.9902282182999349,0.911222800088268,0.8733080847383514,0.7579728852428779,0.7825390180437799,0.8891731914960104,0.8456146195254359,0.8947799100302614,0.9551871849922132,0.6339032673151083,0.9109347751260004,0.9597435320279848,0.1802188069885575,0.22211365630033117,0.20210471780114356,0.10499588137013421,0.07288003225102166,0.8894395200980314,0.8906099659587553,0.8920114439103857,0.8338717601818252,0.1767547026073247,0.9657396211765411,0.9657398799759382,0.9038063284234936,0.9240193820555608,0.6071233759943968,0.046442926170028945,0.9687581682502733,0.9687607837252088,0.9002717570430512,0.8929921333997987,0.4693983971118177,0.8825367309201148,0.1577571670572922,0.22838157857592248,0.07357163245769477,0.07599997569079957,0.19657627099632116,0.07071624128836787,0.07071624128836788,0.7408273484939898,0.7722890095477325,0.7266373571271101,0.6013590726474043,0.5588406595014959,0.7236538196327224,0.6916140160023342,0.7009636993711833,0.00414053189929694,0.01726704516081553,0.04169590564977861,0.0218605573785564,0.15786341637755313,0.03471664400632982,0.146160814186066,0.22181365877217504,0.25340766478464766,0.26814142165944915,0.20599869532179024,0.01106254806600677,0.026303473633244492,0.07405257367238983,0.1220566574265753,0.2366072954252312,0.2032228127630565,0.2861038697555725,0.7048741429499331,0.17691684594003904,0.6378865166344367,0.09320955054126874,0.22804109503673675,0.1873833739318962,0.31881663376157027,0.1840217374956307,0.06151089766328499,0.040413856595578466,0.14701478827136608
ppg_max,0.10973603842872205,0.963666438877167,0.9085660404501507,0.0,0.9869018332852523,0.24312881477563145,0.5272433021673085,0.5303688171856488,0.4593900352019106,0.3593016912731306,0.14998062906237197,0.9738740178691893,0.8923864629198399,0.9738737795137303,0.963639776526298,0.9322586766967851,0.11088115303886406,0.88724949624108,0.9102285896213174,0.869318983930771,0.6615936213856335,0.660101177521164,0.9967148083580649,0.8025117503913709,0.8433890641533452,0.9871238064841077,0.824915970510643,0.8815440299348041,0.963639776526298,0.2257660179613133,0.25169952698906806,0.24528617763422653,0.13287985591489215,0.07706480032700175,0.9441491820276401,0.9319307746117629,0.9346582182535429,0.8625779970942139,0.14998062906237197,0.9738740178691893,0.9738737795137303,0.8923864629198399,0.9000722503947681,0.5782286497247502,0.015185409643579909,0.9554288015471473,0.9554270137558605,0.8963363591689585,0.9383145813116316,0.4145531842436523,0.9322112453379194,0.14119206246289395,0.14976594946485908,0.04541569694328926,0.04815035909402815,0.20711204688782758,0.0430906026015612,0.04309060260156115,0.7618277667423444,0.7585373308944963,0.7657242260984556,0.7323175836802048,0.7013156876693339,0.748268589946583,0.789214091587921,0.7929527569693898,0.038672246549485194,0.01859039719089335,0.09358368199095382,0.01116113564436364,0.14734912979650078,0.07081891433576448,0.1394697650341922,0.09873282109640431,0.08114166409183823,0.2720998090453886,0.18196767805391986,0.04709047384138161,0.06172432206875646,0.09987344853990258,0.12821891155286963,0.23740836158040896,0.1504744872775426,0.29000506158126427,0.7358411925389662,0.1662011247482656,0.7785527951829085,0.13055330070804694,0.21553078661847858,0.11675014058229267,0.2506407440493289,0.17669027550140531,0.07492424565760698,0.02887069148702622,0.15441189870392477
ppg_range,0.155025291057648,0.9835382295740813,0.9640563235555817,0.9869018332852523,0.0,0.21355279665339225,0.5575362113232526,0.5605214688994884,0.3934078301839302,0.34439406134900585,0.1636514481560412,0.9923639067993376,0.9166177920093873,0.9923638551392834,0.9835390233573973,0.9338063252388443,0.10559239095164741,0.9467246255568192,0.9308300737387147,0.8901683612661613,0.7135080378280712,0.7220456605100586,0.9773232701527885,0.8369820660064103,0.8819679500306864,0.9967161277305312,0.7694739309611497,0.9124744678942832,0.9835390233573973,0.21319134701679912,0.24586477642614696,0.23405867677723902,0.1250631748071621,0.07716046515370915,0.9439925540397428,0.9366732210533177,0.9389491882157619,0.8706514683374801,0.1636514481560412,0.9923639067993376,0.9923638551392834,0.9166177920093873,0.929312031059466,0.6022304468674002,0.02759362595174495,0.9817978005320671,0.9817976734702083,0.9177650941363678,0.9416534817119612,0.4449409777278641,0.9337339146669242,0.1507252080397923,0.18345200268798356,0.057297614888275034,0.05997472475151507,0.20764364481295688,0.05471608841578494,0.05471608841578477,0.7706392320153941,0.7806961618436287,0.7676376711570959,0.6980103266187107,0.6618724210199011,0.755383106884339,0.7690528429346705,0.7750413942726303,0.022997916341126173,0.005156007927347366,0.07562446415755489,0.015540908933642445,0.15468234795680394,0.05845005196135715,0.14515152534248302,0.14845678085105307,0.14946906333954021,0.276614917105431,0.19528967300868605,0.034223277325656255,0.04941660442949574,0.09212036667408682,0.12868712686932432,0.24237220451593017,0.17418692742155384,0.2949399597692498,0.7402265758793899,0.17403086337163795,0.7415235776353271,0.11903179808652373,0.22514923890212624,0.14662024763069864,0.28253579342763757,0.18344607175099914,0.07140850272282043,0.03396965465100432,0.1549850268067054
ppg_median,0.38310866168597907,0.19454572831276337,0.15255817402018562,0.24312881477563145,0.21355279665339225,0.0,0.20722839935817156,0.20446899428043314,0.27733180985716777,0.06077729016134251,0.09242105620530426,0.2115702407245266,0.22053730539388305,0.21157087792527657,0.19467105966902026,0.16298971238175705,0.00011177922256973318,0.12214624783461386,0.14492035297577183,0.17668772332465713,0.17371173110087368,0.1366137010839635,0.24151323782892664,0.17968254104704068,0.14734704950801636,0.2043480159261637,0.38107118470714335,0.1920321804535248,0.19467105966902026,0.01966554120571138,0.003494235353914554,0.019051694792461604,0.009709333842000503,0.017618499296508067,0.19401702303620624,0.18248072538819046,0.17942503856052308,0.11124987086726434,0.09242105620530426,0.2115702407245266,0.21157087792527657,0.22053730539388305,0.21220789465207893,0.07599331845076342,0.2131355383951381,0.19442478458402876,0.1944305557830901,0.2085976628759672,0.21021523272692072,0.045131998055226864,0.16287022571820872,0.09452883262866388,0.013656628462646632,0.026858687238753443,0.03132099646657252,0.016444147971643668,0.04932419167303133,0.04932419167303135,0.18076456700925464,0.19075274579870774,0.1846906503828053,0.22957182602083637,0.268899849089935,0.1952035012655448,0.22857423413273448,0.2278908270995203,0.11317943266614701,0.10517603659700704,0.10201839882394348,0.04889587217579665,0.04964880985371563,0.10047195842891193,0.07838060198438351,0.025477362006686273,0.04844460064832694,0.05445463674650882,0.07900104017323802,0.10534681761162112,0.11025129061180201,0.10019992728365776,0.07353280166077769,0.07315217337662688,0.050657020980227487,0.02911863504691575,0.17245847424331867,0.008783600481131384,0.25291588845609453,0.04257880742114051,0.004351551866052227,0.027714130284042134,0.05421418761500057,0.048902985771784466,0.019847667983286348,0.02756471267156253,0.01698987572607059
ppg_iqr,0.09797712441041122,0.6661213174353611,0.5753612816841002,0.5272433021673085,0.5575362113232526,0.20722839935817156,0.0,0.998703087624485,0.2960895900457529,0.2301588818781075,0.15554383823906012,0.6144885949657216,0.80983441796699,0.6144899875899978,0.6662013949010599,0.46605631022488747,0.019012572540308376,0.6047541344096431,0.6909556529404457,0.8086903269868086,0.9068955906760743,0.7505528736021508,0.5310746237048669,0.8696233725059335,0.743659610637597,0.5755022619480004,0.37503464510105805,0.8193567075361585,0.6662013949010599,0.28310005800779436,0.3042807823274842,0.30328052380770615,0.3414174871542228,0.08492707924161852,0.43562992700009767,0.4049534435684445,0.43928535208501096,0.4469468190722913,0.15554383823906012,0.6144885949657216,0.6144899875899978,0.80983441796699,0.7171432827092425,0.04145104038443481,0.05889037056419237,0.5900620062740728,0.590079580777293,0.7550259382384812,0.6391451071663747,0.03249091381670916,0.4659738494033714,0.10856819830854604,0.4542530879182034,0.2120467479578857,0.20934495191706423,0.270117397611723,0.08535741981203272,0.08535741981203258,0.45493237329817116,0.4950373245395662,0.40487474912285165,0.2907085359992024,0.2674793442877868,0.37548138856580465,0.3591700949774512,0.36689495575724035,0.004305776926317205,0.005592743622216842,0.0015063241847498214,0.020306972597649443,0.36826946180068715,0.07320705371813385,0.2441924093138858,0.31464871129406363,0.12566954775890896,0.33085206004730644,0.3540373274319864,0.04910996644038161,0.07373760715037637,0.12618433124967596,0.18414726755194055,0.2868371720994726,0.3596254718481552,0.28240861219816954,0.39513442012629346,0.14825457596753422,0.3296462688411264,0.11619646464216211,0.06873301624389117,0.41409587620435223,0.446741731316645,0.015538589169043191,0.14125609775320547,0.1453996877556745,0.0025367111654622746
ppg_mad,0.0995849606710836,0.6689531853054964,0.5779438333265083,0.5303688171856488,0.5605214688994884,0.20446899428043314,0.998703087624485,0.0,0.2965924067599269,0.22561780480864652,0.15380988295663103,0.6175882042163806,0.8127473539379738,0.6175895954883757,0.6690360958144211,0.46817296712371065,0.016194973611239588,0.6070091317712466,0.6937199466725041,0.811763296919714,0.9092958084333751,0.7516211822843728,0.5340543474944686,0.8724861735740179,0.7458326550120684,0.578304151652551,0.37999679069190123,0.8217348667458907,0.6690360958144211,0.2784314970998556,0.29912587662077705,0.29858525091971677,0.3373341040187828,0.08219967363519333,0.4379218228099852,0.40702238347963493,0.4415965541922112,0.44996393530313056,0.15380988295663103,0.6175882042163806,0.6175895954883757,0.8127473539379738,0.7207462384385924,0.04493381093395793,0.05500476202346736,0.5930257540672527,0.5930431509845452,0.7579617270755128,0.6420966813179911,0.0349929505255584,0.46808723905876765,0.10604093056853707,0.4527997156135524,0.20973065042508318,0.20706395956100987,0.265443037960739,0.08989175844145532,0.0898917584414551,0.45705383878547545,0.4954839424973666,0.40748517095882414,0.2928242633184456,0.2694551330828381,0.3782478107291421,0.3616301602277429,0.36932556504172914,0.007663078017741392,0.009523245301379537,0.0012242396072480216,0.02249954564877531,0.3654751973463558,0.07016545289637462,0.24290178119449946,0.3120562112279545,0.12502471954367073,0.3334359057244016,0.35091300183893537,0.04723579570312146,0.07180004187485003,0.12433260774945575,0.1820964906279989,0.28886798099410477,0.357112885092291,0.2863628526224065,0.3978041088524859,0.1550244736782735,0.33287080677008934,0.11660060981065501,0.07536909846334829,0.4153153637522183,0.44650680147476973,0.01036651398469122,0.1435483712008259,0.1475190811373691,0.004772873599018842
ppg_skew,0.1637985550240891,0.39289037861840487,0.2621074415204445,0.4593900352019106,0.3934078301839302,0.27733180985716777,0.2960895900457529,0.2965924067599269,0.0,0.10167840944731471,0.019622587969709622,0.39107152901001624,0.39392016691101595,0.39107128971695065,0.39286105538549293,0.3478287896562137,0.17795991142330572,0.25262261528422175,0.36911746736743106,0.38731354263709145,0.29936838915091823,0.24438574675515112,0.4676195150284202,0.35949285891191185,0.3323514465353911,0.40171020274715946,0.47514587147066345,0.37631176423702306,0.39286105538549293,0.1776729195374589,0.21943215472994668,0.2115145859404909,0.2990083269175334,0.22630028683358835,0.3561888088860551,0.33978759937086467,0.3466502647316784,0.31515585414821073,0.019622587969709622,0.39107152901001624,0.39107128971695065,0.39392016691101595,0.3632610220188151,0.10864490242909812,0.12081004563069532,0.36020711186654836,0.36020796395581767,0.3817677120491111,0.39410038067532377,0.09863001141790875,0.3478485763269578,0.28788436872003326,0.3222284681358475,0.3076954173556306,0.3200381857169362,0.17841718099951845,0.1664520722369236,0.16645207223692327,0.287612593342006,0.26173272883804233,0.2933078651598011,0.34829085307813484,0.3366995890364223,0.2839447836365922,0.34246552177135864,0.3403552778598412,0.2847180815075653,0.27669077971029793,0.21565771720459984,0.10853539186357349,0.3857411846174289,0.2960067116226203,0.31303316682852655,0.19481821807330163,0.03815435643234402,0.32661427556433775,0.4050661915319066,0.23171869922194757,0.2635178048745568,0.2886932965402115,0.3090188922399118,0.2350530069008022,0.39690524978022496,0.26180845651549745,0.2800560657944643,0.030450659522057888,0.3708069471185456,0.17255304276882233,0.08920430385266946,0.23072660865110917,0.2721439749600436,0.10885397240843425,0.012712630451701238,0.05304525088312096,0.049652237733827785
ppg_kurtosis,0.0692449368423849,0.24409247582546853,0.30003281796391545,0.3593016912731306,0.34439406134900585,0.06077729016134251,0.2301588818781075,0.22561780480864652,0.10167840944731471,0.0,0.06056305908756748,0.2883287207695878,0.10329951973407421,0.2883279948510661,0.24413880136954288,0.3087240422971566,0.48309678677882323,0.2576768078987914,0.15748928116421482,0.06101808045373865,0.12114269391176537,0.01130843536536402,0.3472994915150911,0.01444292656334605,0.09387787351297515,0.32463849357911867,0.304332048473193,0.09132686268921424,0.24413880136954288,0.9478576495539154,0.9239604571717945,0.9644183284635982,0.8672539915848824,0.5360523905098995,0.3456843175535913,0.35668191649316866,0.3340681255535773,0.25698658280329073,0.06056305908756748,0.2883287207695878,0.2883279948510661,0.10329951973407421,0.16847454459829272,0.7660959067626647,0.02805867388815748,0.2889622549421163,0.2889649339191404,0.13318090866001686,0.21953981278657536,0.6279877258290505,0.30867498222273515,0.355492985319286,0.567699676835102,0.5509749028850187,0.5586024807643938,0.7525044918813947,0.27237262400226914,0.27237262400226947,0.19408103969206564,0.17647891140714647,0.2155505778696353,0.29945233072606303,0.2998493463528162,0.223270725226398,0.2787319647133134,0.2755735370890968,0.3528990268818054,0.3703935481970219,0.1743948883542831,0.2462428024592215,0.6013294690541868,0.4240376627850296,0.4422587476058948,0.39452147079388467,0.03100603828012477,0.26282109392554576,0.6046249027644346,0.35092122425569655,0.3638698353315105,0.3897062800613599,0.4258316336192424,0.18682881458359057,0.5920845932016153,0.11701065722183006,0.2020070694051375,0.19876159289775616,0.31096658140511685,0.07711990021096096,0.527992545231591,0.40874947837397224,0.295299844596332,0.5043941724486658,0.17036506080305383,0.04222164045405813,0.4198057745185233
ppg_diff_mean,0.2449176291697056,0.1614968192166969,0.1767547026073247,0.14998062906237197,0.1636514481560412,0.09242105620530426,0.15554383823906012,0.15380988295663103,0.019622587969709622,0.06056305908756748,0.0,0.16411940281793036,0.16298751745231002,0.16412134295502195,0.1616262056435957,0.15742074840822862,0.031245832674733204,0.1697448361684929,0.16437678216260967,0.15712933913955232,0.11436227053144843,0.14412575745272244,0.14914013420805447,0.14284914466580517,0.16263898995437343,0.1615841570611101,0.18983181952448594,0.16913796239314313,0.1616262056435957,0.049884225993235706,0.03191103866284339,0.036640405717917324,0.002862651027752657,0.014289904438035956,0.16583721463288112,0.1550483862993484,0.16491266459716183,0.12352048068505428,1.0,0.16411940281793036,0.16412134295502195,0.16298751745231002,0.17286172283019927,0.08056313790913339,0.12606892936109676,0.15026811916971974,0.15027075114386634,0.1517955817668966,0.16922397941997266,0.06009932055631329,0.15723922468951662,0.009025019219167022,0.002118801119707168,0.009322561759762538,0.013096411354516821,0.04754656544205627,0.014709265160226614,0.0147092651602266,0.055300277662959745,0.04084853246459025,0.033105331548095106,0.016596012071964043,0.0019075129698992532,0.0036583065084483395,0.023240871043569016,0.022869555135284922,0.017507897049022135,0.018549852789131134,0.008062895227392295,0.028447029238633025,0.03146330491947544,0.001862868220296986,0.003970563416589022,0.008962873935011875,0.01727755887949523,0.021720969446644877,0.0012254678860916344,0.0002921718140111962,0.0008432223345578497,0.011579267914895011,0.012852531007845782,0.01394917177871385,0.008358973468345078,0.030005777768481987,0.026989233197990785,0.03395283950101159,0.030413624868022692,0.023296082770246664,0.03862755531156994,0.03057727529165782,0.054626995247392354,0.02320070434203301,0.030983025449194453,0.003723900383941502,0.03483298955989447
ppg_diff_std,0.1530486332495811,0.9895704002917268,0.9657396211765411,0.9738740178691893,0.9923639067993376,0.2115702407245266,0.6144885949657216,0.6175882042163806,0.39107152901001624,0.2883287207695878,0.16411940281793036,0.0,0.9457969419590869,0.999999999970439,0.9895692129515291,0.9348857876246832,0.0675723361386578,0.9551116062454903,0.9466339894621062,0.9152018613525464,0.7579105296033603,0.7558211458678851,0.9637527507983837,0.8707977669325742,0.9058639914743768,0.9909569296932444,0.7526213359998427,0.9375417370211625,0.9895692129515291,0.161572154458616,0.19427710185267544,0.18230471231167694,0.08190191315860404,0.03912646525970354,0.9425255118978508,0.9337643133627718,0.9404401947164117,0.8804501802554543,0.16411940281793033,1.0,0.999999999970439,0.9457969419590869,0.9464216117306111,0.5668497460169348,0.02555002685833875,0.9938935314382217,0.9938939754442893,0.9485676933054046,0.9551378941970674,0.4155459767162168,0.9348151945494309,0.19024157242552425,0.2006144523090103,0.08976412517865655,0.09107768341191635,0.15221415745197422,0.039517567362304266,0.03951756736230413,0.7750031565703112,0.7926001805427585,0.7661030064862265,0.6865214739096925,0.6504790004377429,0.7636282646245804,0.7615445364509237,0.7687115158561759,0.042085724024164654,0.022684480147295072,0.09353935954699875,0.01919973648314374,0.1724546772911873,0.09115139757705525,0.18596904004128212,0.14174275701221797,0.1248101905558174,0.3048299335722329,0.2258418847260295,0.0675077401405678,0.08542348065713504,0.1305857699195529,0.16626539203798318,0.2786163627393153,0.19486141373015575,0.3104405095743304,0.7409127066586669,0.17472298425153693,0.7347370808738317,0.12228301584221009,0.21786111995450244,0.1652747699805897,0.28535673079463936,0.1700623879756885,0.05385703783355565,0.0510377686399478,0.16367752125058466
ppg_diff_mean_abs,0.1429078906308369,0.9567853440731123,0.9038063284234936,0.8923864629198399,0.9166177920093873,0.22053730539388305,0.80983441796699,0.8127473539379738,0.39392016691101595,0.10329951973407421,0.16298751745231002,0.9457969419590869,0.0,0.9457974646270773,0.9568153615867392,0.8298198556161006,0.021576135542883693,0.9077355633911285,0.9421400352141894,0.9616199406888323,0.8917519234953736,0.8428570534345406,0.8871102835901892,0.9552530041585239,0.939140651307842,0.9228760464020117,0.6799819530392082,0.9805970973614236,0.9568153615867392,0.0021724519443410933,0.00932394940773526,4.031384040318071e-05,0.09212928815443404,0.06362650762431368,0.8177522356521596,0.7953692894629179,0.8172055325481158,0.789022795160584,0.16298751745231,0.9457969419590868,0.9457974646270773,1.0,0.9712974691705789,0.4037807051407956,0.03576760206938635,0.936316176087469,0.936323085987881,0.9897171356054754,0.9437874726272061,0.29806230244017173,0.8297368004310602,0.22379303358964314,0.3294937828974435,0.19150830272417935,0.18970184064748608,0.015719661993067766,0.033132906604995384,0.03313290660499523,0.7261102763108734,0.7466383609081975,0.7010829492865087,0.5783413868316146,0.5435090087022113,0.6817149807614787,0.6670954931330194,0.675501695522264,0.053978205608549455,0.038259308071513454,0.08894639256052565,0.04805377641790234,0.28062242957360656,0.1326944715337619,0.27292838114000256,0.21267233340176542,0.11043510651165835,0.3850435750418576,0.3272355734572347,0.10311574825936981,0.12649988674824225,0.18188471211029425,0.23498008247853225,0.35227771730478225,0.29834982652703823,0.3704310041150733,0.682461620719548,0.1932685305962367,0.6213192181161855,0.12726511370233407,0.19027493725955708,0.28435194244309414,0.3635355712094941,0.12002268678778283,0.027764611569053382,0.10722716196141831,0.1398625948432266
ppg_diff_rms,0.153050545740193,0.9895705747729344,0.9657398799759382,0.9738737795137303,0.9923638551392834,0.21157087792527657,0.6144899875899978,0.6175895954883757,0.39107128971695065,0.2883279948510661,0.16412134295502195,0.999999999970439,0.9457974646270773,0.0,0.9895693886836497,0.9348852249200723,0.0675724862806415,0.9551119201661947,0.9466343301049276,0.9152024626834592,0.7579115901085669,0.7558221526381915,0.9637525094221272,0.8707985766495979,0.9058646221257926,0.9909568890789983,0.7526212811446982,0.93754237614049,0.9895693886836497,0.1615714672332045,0.19427662996853415,0.1823040379175118,0.08190125463594629,0.03912649128762446,0.94252489693753,0.9337635731761739,0.9404395898248556,0.8804497423265899,0.16412134295502193,0.999999999970439,1.0,0.9457974646270774,0.9464224135543795,0.5668495927086274,0.02555115730011022,0.9938934448503592,0.9938938889197502,0.9485680179753841,0.9551381538617489,0.41554607469100263,0.9348146303507647,0.19024105211357467,0.20061553287247233,0.08976428777994283,0.0910778622136346,0.15221407438954532,0.03951846055534058,0.03951846055534043,0.7750018554095035,0.7925992030354087,0.7661015369849653,0.6865198212311193,0.6504773312322871,0.7636266381763473,0.7615428643211434,0.7687098534429919,0.04208517148960776,0.022684051159939,0.09353857552778562,0.019199148557115037,0.17245494043653944,0.09115068591210622,0.18596906212668946,0.14174386807786382,0.12481073431870124,0.30482993720295887,0.2258419461040811,0.06750701145841044,0.08542287912721565,0.13058513287403464,0.1662650517588051,0.2786164781825529,0.19486198400482638,0.3104403970678174,0.7409112491868582,0.17472368197985694,0.7347354086531055,0.12228369077427596,0.21786147671346962,0.16527534246842676,0.28535785537682806,0.1700627286670816,0.053857120254870196,0.0510376408448354,0.16367735560790486
ppg_signal_rms,0.13096592447053487,0.999999723445999,0.9597435320279848,0.963639776526298,0.9835390233573973,0.19467105966902026,0.6662013949010599,0.6690360958144211,0.39286105538549293,0.24413880136954288,0.1616262056435957,0.9895692129515291,0.9568153615867392,0.9895693886836497,0.0,0.9327949232332842,0.09804450589256121,0.9603470879141394,0.9760045312248737,0.9509795256605497,0.8099631141847143,0.8020290186308172,0.9591511577850844,0.9143094944991186,0.9434059621840466,0.9899015447545076,0.744730574245319,0.9680669689023211,1.0,0.12077577910972863,0.1631127450061785,0.1411186290842182,0.04371793791665466,0.059726660823598954,0.9230685875762346,0.9098458820909554,0.92365435362795,0.8871376138701398,0.1616262056435957,0.9895692129515289,0.9895693886836497,0.9568153615867392,0.9581645351263216,0.5334070712660086,0.027076842308772435,0.9785588333310246,0.9785604241032214,0.9499567915913613,0.960180369380565,0.3899909626389422,0.9327309313167517,0.13366690988970062,0.25032771388130354,0.08193760057367346,0.08436920211891788,0.15166264958037257,0.06865483648304418,0.06865483648304409,0.8018533139280142,0.8223084922609213,0.7874688663603969,0.6655599678194023,0.6228675393997622,0.7686592922324001,0.7582134253121496,0.7667086417884459,0.007098941255434539,0.006611101729528076,0.05111183607554653,0.021714691140121048,0.2026344489968567,0.053549420040545054,0.16410158084203375,0.19305018246577982,0.14536370016931585,0.2917971391562164,0.23227621772941717,0.025220392935341226,0.043020772223941406,0.09261105196835043,0.14022615768135488,0.252614781392453,0.21413762477914713,0.3046043668139716,0.7633518916965678,0.17331102027882633,0.7120075453906016,0.1143983097524862,0.19741789654144826,0.1965684129977864,0.3318489469870548,0.1480832588618092,0.04933713960062439,0.04999524017574406,0.11318250746267633
ppg_signal_energy,0.09116670119299129,0.9328730587743134,0.8826461175689593,0.9322586766967851,0.9338063252388443,0.16298971238175705,0.46605631022488747,0.46817296712371065,0.3478287896562137,0.3087240422971566,0.15742074840822862,0.9348857876246832,0.8298198556161006,0.9348852249200723,0.9327949232332842,0.0,0.12364523307985635,0.8884884567854046,0.9203366368646927,0.8477985714575371,0.6182837151069686,0.6526336632581534,0.93518324891632,0.7712714572055603,0.8466189386285251,0.9472043763472258,0.7817011325733214,0.8534865334572849,0.9327949232332842,0.19132444910366644,0.2484163055111137,0.22689341690053358,0.1472853122740781,0.09667023470891771,0.987266536612957,0.9786066204722932,0.9907394348712647,0.9672532598842651,0.15742074840822867,0.9348857876246832,0.9348852249200723,0.8298198556161006,0.8474399552214688,0.5220313851123439,0.027920126557756515,0.9337921918428919,0.9337840921879625,0.8469683120105295,0.9213297479246085,0.3473277345921318,0.9999998348830721,0.10070180790555365,0.09006815618624398,0.0011810643840834498,0.004305027485203914,0.21135829949806753,0.03535583238346579,0.03535583238346566,0.8212671568581515,0.8528363789778987,0.8210747134429621,0.6911708691158719,0.6574622190865738,0.8172575298022574,0.7905071729511612,0.7998739781630079,0.01797557125642602,0.00016281354693870414,0.07220099409455145,0.006161004684226064,0.07807266612014307,0.047718871287324764,0.1034356447041911,0.041777763699260756,0.03311339470516034,0.18813515056939117,0.12011638132222492,0.02927971201733984,0.04278233305462059,0.08447139591968478,0.10304736094876235,0.1823861657177598,0.07777828927609724,0.20277097689828694,0.7907965809962423,0.11076929070089431,0.7592525990421787,0.08153835006884198,0.16292586290970829,0.04457078373931867,0.1801131239431296,0.1403589098232976,0.10369931985974205,0.0007266707357007757,0.10568284712585128
ppg_zcr,0.009368981673530143,0.09806084971637827,0.09080848089471849,0.11088115303886406,0.10559239095164741,0.00011177922256973318,0.019012572540308376,0.016194973611239588,0.17795991142330572,0.48309678677882323,0.031245832674733204,0.0675723361386578,0.021576135542883693,0.0675724862806415,0.09804450589256121,0.12364523307985635,0.0,0.09279855352575551,0.09079948420438702,0.07930207462791566,0.03485477461295028,0.042308289026521416,0.11193277675256405,0.062439540524162035,0.07437118838385387,0.10828842218422172,0.10746713572605261,0.07005410811627494,0.09804450589256124,0.47644433696320687,0.6033862012722169,0.5670991361693628,0.6242054195916611,0.9696655969662558,0.11925201169676161,0.12392212298445014,0.12017927635047482,0.11380592068050335,0.031245832674733225,0.0675723361386578,0.06757248628064151,0.021576135542883706,0.02459359252348809,0.3422664577406264,0.017018780154522874,0.04879038362007025,0.04878801567671809,0.059223194071476574,0.036957173501254374,0.27466993449782345,0.12364118076237678,0.8056269397444262,0.3814736818355554,0.8029661240617275,0.8013752319249188,0.7150759226932104,0.5782217015448766,0.5782217015448752,0.1215559451476446,0.12571390466983767,0.12020000241368657,0.10410686928338747,0.09541355196093683,0.10107661359187811,0.11690300396235576,0.11746785084300142,0.6731229095655336,0.650966634862011,0.520611812843509,0.6369375558356511,0.496784276502816,0.7873656158760163,0.7617682311838982,0.0862031742262687,0.20060090523944704,0.5581347414011166,0.6911580986399101,0.7367288026842524,0.7560647457084174,0.7615652520503361,0.7503514311051125,0.5143948059292475,0.6149184352497071,0.3805242189411901,0.11134194933110543,0.044141989761173846,0.11107185158473745,0.14589316411678535,0.24638259767462048,0.28581590091842546,0.10673421934407727,0.23834610225361427,0.12404226977128374,0.08862508054669684,0.026225077004973816
ppg_p1,0.2019062395759692,0.9603125048808648,0.9902282182999349,0.88724949624108,0.9467246255568192,0.12214624783461386,0.6047541344096431,0.6070091317712466,0.25262261528422175,0.2576768078987914,0.1697448361684929,0.9551116062454903,0.9077355633911285,0.9551119201661947,0.9603470879141394,0.8884884567854046,0.09279855352575551,0.0,0.9331057410426132,0.888007822617274,0.7899727013978791,0.8216455420541354,0.8697064798370184,0.8679741638460471,0.9246910998678951,0.9460778770029771,0.6062770042935902,0.9284266730789987,0.9603470879141394,0.14604534664730598,0.19494653612776258,0.16645138960799982,0.07456484247555199,0.07010726437269053,0.8795660229213587,0.8782082257341267,0.8875301223616093,0.8611557035745073,0.16974483616849287,0.9551116062454905,0.9551119201661947,0.9077355633911286,0.9297056326798624,0.5784473256693651,0.04238007632808764,0.9607018340667868,0.9607038236632348,0.9033620713483461,0.8976204499052629,0.4438829115054377,0.8883935231442661,0.1389326495509104,0.2473924228109437,0.0761634372469163,0.07891114958261505,0.18691038747811078,0.07819807118647516,0.07819807118647504,0.7618195828344922,0.8026747985498256,0.7386744287513933,0.5659192992161777,0.517279568494682,0.7349549711574873,0.6754012940029706,0.6871736159976467,0.014331962327957115,0.024738780437635836,0.025742258548927654,0.02656009868341757,0.16965252192618266,0.026697329915771506,0.14627246799090718,0.2344380372411861,0.24765573944749272,0.2644989833687279,0.21148664776103335,0.00027276520971948625,0.016988467043115487,0.06925727556212309,0.12118764146447572,0.23074506188219035,0.21031988985132766,0.28314228612502673,0.7216068639229213,0.17296398032146618,0.6116339661762523,0.08506372082802734,0.21508610328064037,0.197486663928909,0.33582664675396895,0.16958201781598425,0.06180125555395313,0.04399188334759101,0.12466662533096
ppg_p5,0.10715760423079056,0.976026396983998,0.911222800088268,0.9102285896213174,0.9308300737387147,0.14492035297577183,0.6909556529404457,0.6937199466725041,0.36911746736743106,0.15748928116421482,0.16437678216260967,0.9466339894621062,0.9421400352141894,0.9466343301049276,0.9760045312248737,0.9203366368646927,0.09079948420438702,0.9331057410426132,0.0,0.9643806584426664,0.8338810361378238,0.8407297388796714,0.9136953324790328,0.9324744987440633,0.9744710417138114,0.9498450649180074,0.7102088975362432,0.9714849979289026,0.9760045312248737,0.05590113166496791,0.10764989414710437,0.07212507402747576,0.012990458436586343,0.04373014306731893,0.8832099087267595,0.8619490631148732,0.8907017888573933,0.8988754306126626,0.16437678216260965,0.9466339894621061,0.9466343301049275,0.9421400352141894,0.9458331759715078,0.4595685879949744,0.0420758874999684,0.9376692491016511,0.9376701135007621,0.9361156838196771,0.9553348260511221,0.32709933458379253,0.9202973604072572,0.10573313949920163,0.27108439782208493,0.0859385333945636,0.08824275329377645,0.1265351924153426,0.068941919006794,0.06894191900679379,0.8324310081248031,0.859926358397641,0.8094776233939092,0.6196793250208398,0.5706896023180158,0.7829950885428717,0.7404871964783514,0.7518468977741394,0.005485059225729339,0.016249839866581618,0.03281070203548955,0.016655003750949134,0.2199658805820731,0.05009105141529082,0.1716012750255943,0.1838126450356757,0.08107293664538097,0.2877413290345376,0.23838517269769727,0.017967501648794484,0.03777537097815797,0.09190879811418785,0.14885627284247352,0.2531920068612686,0.21379433977820433,0.30055520086483384,0.7912024221175039,0.16186795609639923,0.6616518210325474,0.09277949946624515,0.16303684096109863,0.19383871601740205,0.33310046503798163,0.11560474375805016,0.051039499897433185,0.050233168794067494,0.07097679755333132
ppg_p10,0.11365002276417693,0.9509732862818914,0.8733080847383514,0.869318983930771,0.8901683612661613,0.17668772332465713,0.8086903269868086,0.811763296919714,0.38731354263709145,0.06101808045373865,0.15712933913955232,0.9152018613525464,0.9616199406888323,0.9152024626834592,0.9509795256605497,0.8477985714575371,0.07930207462791566,0.888007822617274,0.9643806584426664,0.0,0.9041722339619624,0.8443268612258716,0.8736410126822484,0.9835934012814905,0.9536697127012184,0.9066326224943388,0.7069571797300052,0.9846362716603332,0.9509795256605494,0.03561372059807999,0.0011582393958563667,0.025985254195423545,0.10097980628014958,0.023161888617119847,0.8171363410518026,0.794534658235989,0.8218965877093465,0.8179550507258819,0.15712933913955232,0.9152018613525466,0.9152024626834591,0.9616199406888323,0.9380916250638547,0.37115270205516665,0.0391657569061312,0.899873426344902,0.8998795038120011,0.9394295918513936,0.9258507823258194,0.2655170491772219,0.8477469602400073,0.10881386722410173,0.3469649969025514,0.120910018682117,0.12119091804140447,0.03163354105690621,0.08805423466406782,0.08805423466406774,0.7785178296709919,0.805449791432134,0.7554993460676641,0.5931334548797879,0.5471294151158833,0.7218071987762633,0.6998139616188168,0.7095850803320508,0.015565113832423878,0.024322182167031515,0.019341047445950145,0.026696599461532876,0.2770536635038479,0.050831701295823074,0.1946362850352051,0.25167847993540293,0.12858788797535609,0.31394385172707895,0.28628526250870673,0.01930925796282605,0.04123983008817029,0.09613448823618541,0.15806866978764667,0.2732412303610716,0.2720764404643863,0.31407193523511023,0.7316279186156471,0.17050409173064957,0.6332768016876023,0.11010540197443504,0.1451381609049907,0.2774046169120299,0.393518155977793,0.08074452929143071,0.009678419384972797,0.08596375036327816,0.049148972954044606
