,PC1,PC2,PC3,PC4,PC5,PC6,PC7,PC8,PC9,PC10,PC11,PC12,PC13,PC14,PC15,PC16,PC17,PC18,PC19,PC20,PC21,PC22,PC23,PC24,PC25,PC26,PC27,PC28,PC29,PC30
ppg_bp_0p5_3,0.2408113910488322,-0.09718832893086464,0.1576255978762387,0.28929781557520534,-0.20675314519197366,0.058496939401298256,0.12942019713354716,0.12421854361645951,0.009163682149884321,0.06846722835042021,-0.0511755297326876,-0.03401719986754037,-0.002043087996381052,-0.00440971567832924,-0.09004123438844683,0.02692734060587462,0.11275058601054216,0.10382786346719483,0.05722700243925111,0.022086522357012337,-0.010361484380829957,-0.07893246019339163,0.04523612841180142,-0.005043436010243549,-0.1258782312259756,-0.06617398474714888,0.22159889131454683,-0.0588804949682555,0.6725015058474282,-0.409331174696384
ppg_p90,0.2374804723842386,-0.03347741078655919,-0.26478621602015345,-0.1885579907424221,-0.11299962873151996,0.10352123956791877,-0.13137488540691383,0.23396098135088023,-0.04177514579069674,-0.05566601173565933,0.04984097409095309,0.040542690614948244,0.017242821467776042,-0.13203625710104336,-0.1147424078382314,-0.15005430630519515,0.00782788529720096,0.05357266978938854,8.364640898391219e-05,-0.04814472530867344,-0.02010441547828118,0.5265524260838162,0.041503409252724124,-0.4543549313941764,-0.4144590877751617,0.060888586021332784,0.09275662093842671,0.028569646089146004,-0.053932516938069684,0.008047822086125197
ppg_dom_bpm,0.03833289725040684,0.21210806946227248,0.22076551746177125,-0.02976261419602158,0.17257927485535815,0.6000508638677857,-0.06646543253119455,0.02729680477965853,0.12695723121054917,0.4293566812474414,0.28297080105948247,0.31078905547728586,0.2514527663524358,0.07663211409885665,0.05654518047873435,-0.018377739203543807,-0.16102035773963638,0.10520908727743404,0.010349328840679123,-0.03301451393741541,-0.05176611520748252,-0.044784665665474205,-0.06641781734862992,-0.061443850181233606,0.0013171948687078357,0.021860955987579516,-0.0200615603138086,-0.08482064121997683,-0.0003015256431566567,0.002013010468424657
ppg_spectral_centroid,0.0962343631984695,0.282653820232363,0.18498948049928973,-0.055442975436267916,0.046765507230698035,0.07852810200483887,-0.03701941462293724,0.06630733494297318,-0.14129669548238263,-0.07932723548210184,-0.03385406767402932,-0.032111847793053344,0.08034800787397986,-0.09048507220099254,0.0921052491219913,0.03823417604159013,0.07826051094321247,0.03802273113049843,-0.017537454500936377,0.019109524034476365,-0.021139448153269378,0.19551571043535662,0.11556569607150576,0.21316745175242158,0.06850642525155765,-0.2229210121658209,0.06342746236824744,0.8003434840465106,0.041447925096837104,-0.004090973192028068
ppg_bp_ratio_1_2__0p5_3,0.06666806482158781,0.24968886698754403,0.16591170716768786,0.05372259714582653,0.26976779447414234,0.3467903085184825,-0.08683616303687126,0.04194363909537511,-0.1399427349981424,-0.19897409706986902,-0.11935198785245671,-0.042601911947985426,-0.752126379063153,0.028716350892203542,-0.09803985136437487,0.050148139075741796,0.09582743216952791,-0.050101283056320896,0.00199626978321304,0.008497287279000315,-0.047582626204055074,0.0058553500383681425,0.06217793645915304,-0.001716843317150472,-0.05349086309398349,0.05130747955730639,-0.03102639247577669,-0.14823159434042912,-0.007399361895662506,0.012642314634910947
ppg_crest_factor,-0.02621740000305394,-0.21909599508383398,0.257322629380253,-0.16528792193887068,0.2600936630815571,-0.280362718974764,0.061816596234599,0.38291802566092437,0.09455515197342988,0.2761919712459294,-0.2455657597823413,0.37331065760939397,-0.10986697024278377,-0.2823685588084651,0.08252124176200566,0.20013499957669725,-0.017483359661997717,-0.2905137277688405,-0.047180372977865946,0.04858916463082554,-0.05346468968492123,-0.025392133968259532,0.04456548116406811,-0.08564239682238939,-0.09597290149193898,-0.13708149237617304,-0.08168428299715877,0.011526511801856916,0.02402986946020395,0.00479718201428642
ppg_harm2_bandpower_pm0p1,0.2215910010490013,-0.08989651057895322,0.18635757084353782,0.3527047160621561,-0.13669958889964795,-0.06991832961416827,-0.13417145822709733,0.16509528397884837,0.06214578031849326,-0.16284923950760288,0.16697512846373155,0.08750257510534798,-0.034137031796429976,-0.11418700283963741,-0.06689907784196171,-0.16977964462948528,-0.09197646376524364,-0.0944792556891447,0.008628310202212174,0.1405694718464438,-0.28554687224772507,0.27480217102783594,-0.3933150058373161,-0.003691274687347148,0.4062867908487911,0.017476855848484404,-0.2838444670652746,-0.020306286352179754,-0.002576224780856161,0.07799780905553841
ppg_clearance_factor,-0.06367416074816039,-0.26567431819197623,0.2524147172710155,-0.18100837472150894,0.05635925064595291,-0.04540226454780448,-0.028494446824671636,0.11908429401990309,0.1230373434193826,0.020279195271438847,-0.007603879811652384,0.02298439970760185,-0.055916398944584216,0.10176019412577318,-0.020028955319869386,0.08287429631333079,0.06464065680815335,0.30224774769934254,0.07610279425545347,0.043817849880763274,0.08446721214429877,0.2880533242792253,0.05759132088080363,0.2470561103763186,0.17525306071971533,0.6171790365720657,0.30532772594352614,0.030347867731497908,0.016926979056482036,0.089472792735858
ppg_p95_p5,0.27154375332432085,-0.07616372952733558,-0.12610762059083191,-0.18492589828204908,0.01832913465550482,0.08077727897285145,0.04292124515656183,0.02282877444463762,0.008620938541757321,0.029242477263925027,-0.014745261049459278,-0.10086151366388647,-0.006031117306845615,0.0844453314040126,0.19971010381151677,-0.07457084028087473,0.07583920986453638,-0.09899873754544841,-0.018072151312784956,0.10627463860251968,-0.17405735448969603,-0.07951709556417343,0.1004943000384357,-0.04432345625396237,0.2133066338605929,-0.20486022887923694,0.2975331803758372,-0.11265886332473267,0.3049176972016233,0.6630910341128677
ppg_trim_mean_10,-0.21433433568195673,0.08788029523611468,-0.1370489731418466,-0.11824498038960662,-0.14775158623452844,0.16600514299433047,0.4065812342697996,0.38753549501227935,0.24047568088250498,-0.45697264078878624,0.203435951268867,0.26296320777517923,0.01682897603622992,-0.09168440268864375,-0.010508053940181502,-0.03844288752215062,0.17902785310797453,0.04303762711339313,-0.16099922768551836,-0.19731631094341393,-0.10293169029716503,-0.1887710008925507,0.06771370168406134,0.03730207165993306,0.08064592029490479,0.049512979515605085,-0.023057092419550097,0.017520886365400435,0.021323398460428456,0.0038795455798659164
ppg_spectral_rolloff_80,0.08153036717200972,0.25903633499970496,0.21562389994862316,-0.12448874390633004,-0.07964544507413808,-0.03980038443680503,-0.05994097633466561,0.09795117782679093,-0.2275008935480291,-0.20447135373511816,-0.05751524328847466,-0.22814561741476105,0.20381161578212642,-0.3865246374901061,0.3317468705026265,0.31150875751626256,-0.15141855035873567,0.3039078259527897,-0.2129722549829828,0.1586872054082421,-0.05550676846452323,-0.0886829974055632,-0.06988800280055578,-0.06975860361209409,-0.05434128376021326,0.09873134513665006,-0.031632365888248186,-0.27552822924806125,-0.006405127715467271,0.002888852299331862
ppg_iqr,0.2027562143662875,0.0009958544978045448,-0.2861260778327137,-0.14234051562670838,-0.2409860262782241,0.08451771768727971,-0.46097131890672227,0.18904523696120099,-0.0913834014046306,0.028734369942225158,-0.11887994023457149,0.2223741677186789,-0.04865167579651873,-0.2279699737030907,-0.2569162730260784,-0.0537799087093975,-0.21246927567815097,0.035006435091614024,0.03117715444763174,0.039716009684286464,0.2351309161278907,-0.30871405355595494,0.181479126476648,0.23319446400332322,0.235326981186483,0.053366812354069225,-0.015875304089337294,0.009751740310509934,0.0070959455029514645,-0.04321357529295771
ppg_p95,0.23285666023139742,-0.05401247177892436,-0.21632055717136575,-0.2841567849784133,-0.034097178040505695,0.14158087524646926,0.12290397055863522,0.19537257959646237,0.04349957884611376,0.09167774054777075,-0.0538080705730021,-0.2517461838822023,-0.03957998594694749,0.297084507706282,0.3606390577720302,0.05546413938603101,-0.031239176827759837,-0.23983202259984093,0.07231661048299833,0.20306421970835953,-0.15264067001186635,-0.006513560994070677,0.06321608961699539,-0.01969783183244017,0.2162334074966524,0.15731830315802603,-0.1940333189810804,0.045182095474845,-0.09770053439353668,-0.4334495453892174
ppg_hjorth_mobility,0.11052466082796084,0.2614001031617834,0.1452189159532283,-0.10223779055314249,0.10294262513310032,-0.11367083259328059,0.019212361082884537,0.10740589923310481,0.2490438124826049,-0.11117237593306926,-0.07418655089216074,-0.21943791571507887,0.2438253515492971,0.24431051960774897,-0.5876110468387175,0.2396013706882385,-0.24033018824267185,-0.17099977508311526,-0.1076644486313834,0.005448079827933517,-0.1648656568440477,0.09186641982903121,0.20519034451794355,0.03158671276524164,0.03896460459444368,-0.06802558921570674,0.04434731917085057,-0.12916130591227828,-0.021696871059346,0.0030801346752328887
ppg_bp_2_3,0.2017259260944024,-0.08160439080717632,0.19828297805261863,0.3965612150092689,-0.20513957320995435,-0.03275681918216092,-0.09936469939433563,0.3481867532496078,0.08086492778488448,-0.006093124053711869,0.126957996949167,-0.10364376070961182,-0.017736520369993403,0.22529043041773755,0.19054175650969277,-0.030476627397238314,-0.04511028589190177,-0.08156184272513724,-0.01996971725120649,0.00704244439545662,0.06267628964341561,-0.24248583261372567,0.16327611466924813,0.10913479585240916,-0.3506727303387242,0.018860327098042914,0.17307952082938505,0.04922001401789626,-0.41149966925797826,0.15682736118779364
ppg_bp_ratio_3_5__total,0.05110250057072518,0.20305097822807203,0.24375651586124747,-0.30325091065797594,-0.36065594447482924,-0.16750898679535947,0.07265468870900164,-0.07873115333634743,-0.19429495385318463,0.22297849221356345,0.49942345848733444,-0.04578276089845751,-0.124186780800867,-0.10059667659903841,-0.1329169931198285,-0.0046427429527360125,0.30191923537894777,-0.3384311143120482,-0.018539282259842402,0.046661793533364554,0.15370892399581748,0.02640220483189709,0.006889329035654526,0.07528451938140243,-0.001987781491874342,0.05945972375032184,-0.0011362565169881064,-0.10517857705052487,-0.0097787856977632,0.0011959851180839936
ppg_bp_ratio_hr_total,0.11956292964354806,0.20832033094073915,-0.22967958126444246,0.2892305020501443,0.31453643485936683,0.06652055353695902,0.024154473987348105,0.07815573696798707,0.011325357023773752,0.0005726661708989397,-0.12745776714540602,0.0028121802094959445,0.31178207587109563,-0.19868783314664945,0.06896445038683546,-0.0778824212622226,0.39675913882141634,-0.2760143590416474,-0.03712406290780377,0.09319500040890248,0.226198372639688,0.21431696669900166,0.07140328532832894,0.32674947845627733,-0.019881878224594456,0.158470007776978,-0.012508737205222864,-0.23147653981892502,-0.007608596656629676,0.0056242711347306885
ppg_spectral_rolloff_90,0.10583749659113294,0.2686134693682458,0.1561706964710811,-0.10184569941599077,-0.037800270415498397,-0.1806488265398035,0.023699200569361586,0.063632970975497,-0.19555228513487152,-0.13562090383098901,-0.18397273484525048,0.17728793256250164,0.12889243725756705,0.1266297357140481,0.14406762305636203,-0.1626438340636268,-0.050302910723978904,-0.029343001362920767,0.6509496731016813,-0.4209523608589219,-0.09332829765855208,0.0012199088349200708,0.007421239079783702,0.024992110769496752,0.01404966094299039,0.03849244538125429,-0.0020955650816773712,-0.16124727546392595,0.0009073359709598198,0.0061739110534065516
ppg_dx_p95_abs,0.27228817142031464,-0.06482998579788463,-0.07252819098735448,-0.20967485700704147,0.12313530154381983,-0.06296113597767934,-0.10165169746715969,0.024683706229823594,0.03698090909110991,0.0828230954361082,-0.0197658309604484,-0.10921413461323443,0.027857746073430514,0.08209004695482544,-0.13435304684163554,-0.004526817336732528,0.22364953341650054,0.14342117809850422,-0.11942851594378624,-0.2240299661407675,-0.24128330071330106,-0.23814191026501125,-0.37255874320315413,0.28712106349035055,-0.36594281923995375,0.16861948099581237,-0.34198530145518297,0.11897954749769225,0.1262378063862113,0.12502017002650778
ppg_tke_p95_abs,0.2526818238270986,-0.09967399507531577,0.07524467484616415,-0.08018326822217425,0.11730740880101664,-0.002389107467882523,0.08152584771768531,-0.43192581199580055,0.018999905521948884,-0.23115348881819794,0.04062653104106283,0.2537374512031434,0.06386807430256086,-0.22394049406510905,-0.04485194366123707,-0.20413423861785573,-0.0637229519870697,-0.15467327878388337,0.009157395556037774,0.2561951574417596,-0.3852356199666853,-0.1912533363796479,0.10023105997612047,0.055195060524348916,-0.15654712434929616,0.1736852499031884,0.2845443735236348,0.05230595364007395,-0.16643299151265026,-0.17764967480463284
ppg_psd_peak_median_ratio,-0.12805084029592947,-0.2374970647506689,0.2045910785145851,-0.1750438203576159,-0.23155594909548516,0.15932887348801508,-0.13683369609675303,-0.08429610025832861,0.006373679570733652,-0.07347429730839483,-0.1453330682110007,0.06906068794443346,0.05114086054780104,0.09710687525901611,0.08678906024643142,-0.18524266848936555,0.11487602008199807,0.12200392329029944,-0.12310329912019936,0.045187521149814405,-0.16265835032286427,0.27836839271531255,0.29769944135388215,0.37681111799248945,-0.12356159620275813,-0.3652387560899194,-0.23562595082457613,-0.27337952906979746,-0.04425359448361392,-0.06266913332956997
ppg_p1,-0.2646116555445781,0.09148435194848568,0.043477921807923814,0.17232232800002098,-0.17491920746974285,0.02431655278416033,-0.08380774200248733,-0.02794535082972385,-0.19288332387779986,0.17517949759204446,-0.1921963831674289,-0.05634794137570289,0.04783222470839436,-0.01998772949180847,0.04872273475691593,-0.20308634584467386,-0.09934934285008082,-0.2512902477410282,-0.30493452034960544,-0.21540548896944586,-0.3067062845771486,-0.022964670840588175,0.31290724428971234,-0.1347770498350408,0.007281306640501111,0.4363424151027068,-0.13894291806118797,0.10818481255104308,0.19846291948850972,0.11315285958325716
ppg_dom_bandpower_pm0p1,0.24178207807049143,-0.09610190000292361,0.08406911078187247,0.11366177712111097,-0.20269738410638766,0.17286271568366682,0.39397648660877127,-0.10054858680489086,-0.05599128865878558,0.18916061141748688,-0.2856824078970955,-0.021931291619741014,0.05140146661125173,-0.15064563284532806,-0.2530349615558935,0.13610161154401476,0.27452421046996467,0.2331609671408131,0.16710216692544505,0.05864147326016847,-0.005816505293958854,-0.07537859976092884,0.19682017337681584,-0.19925909037169,0.13725471572166223,0.05715111234011392,-0.2618846842143141,0.05868123787714635,-0.2812836544849553,0.16918899731544193
ppg_spectral_rolloff_95,0.11960507640847172,0.2649998151688512,0.07829476024548451,-0.06464092255054237,0.009303354335619159,-0.23849803555686988,0.13547615112900296,0.057896275648063746,-0.15796253635615262,0.007082831281971875,-0.21999833762866103,0.3215801112925495,0.006765421531379775,0.4161216477848924,-0.019424689549780653,-0.3625526413337502,0.04911373856543644,0.20490863604983184,-0.3593468307266849,0.3032373145107292,0.2110435551196303,-0.047767017750100164,-0.11014803431924022,-0.13236314417532002,0.033223298993859465,0.02441645640055148,-0.014821790793478116,-0.019727362945867574,-0.007110424532878981,-0.018213393664822573
ppg_p99,0.26737528758057383,-0.09804950066752748,0.06971172743393257,0.01345898635382707,0.1794050037179695,-0.12324508248032616,-0.19568097789114353,-0.06791115716582709,7.15746168511717e-05,0.04023806419739946,0.07977042787004739,-0.0223645190527332,0.007366811069389956,-0.01043392160741124,0.06996141179999045,-0.011247547092586416,0.27181669530992797,0.11722005487601879,-0.34542554348347115,-0.5363686016882843,-0.04101763185931475,-0.02686135742749768,0.12357380259801734,-0.18111705871452208,0.34338217044988706,-0.12244259935135339,0.17887824795878182,-0.07737153971589265,-0.1935641020656545,-0.23757824168269023
ppg_tke_std,0.2539986590238009,-0.10745725982032593,0.12458657470596396,0.008187255197739699,0.14607988800723423,-0.08030418129722552,-0.05808732692105954,-0.21776584065522647,0.1698502239465723,-0.28851035081122745,0.24203630113271662,0.1191588260794653,0.027426653045409678,0.08317430198845667,0.15516138160898554,0.09255300551077326,-0.10383511221719058,-0.03243386112708065,0.015665266103999462,-0.02123951628925378,0.3544577481795841,-0.0022831042897080342,0.36610633975821055,-0.15721987080212638,-0.05671198750528314,0.1290302355900539,-0.45322241437146676,0.07008101991874727,0.2570302038746655,0.10680087746652156
ppg_sample_entropy_m2,0.02602886342322238,0.26052669972978887,-0.12618072997348356,0.07174365547579101,-0.36271916920417063,-0.04622338822730038,-0.2423493896063049,-0.2478809001822345,0.36256610914079795,0.0024714623190217654,-0.19558582981449818,0.3351870243651598,-0.08182801426245517,0.14614743018077478,0.1765009914860219,0.4619927945564756,0.21807803768105574,-0.0659202631276143,-0.03387070163194145,0.01327607811925819,-0.11960336276125912,0.09890873699824493,-0.10423882241467584,-0.044974550754187416,-0.03597073186668072,0.056478337984311094,0.07657138741804778,0.019164141144351613,0.00045051525715543753,0.029541162886443064
ppg_hjorth_complexity,0.12000969389513978,0.1607551529085735,-0.3361858229067483,0.17768371395067006,0.07792589996294672,-0.2903594515796779,0.24130497490436298,0.0090382663972071,-0.1235874681649708,0.256518901935024,0.29016085789875606,0.16272794106064672,-0.22208318778858008,-0.012078580562360046,0.05507177186738542,0.1359127068139647,-0.22783435934872812,0.3026921594648877,-0.02320300603321334,-0.01705192301009047,-0.26451770707105876,0.17925766955783975,0.2778164918533336,0.2644053902644955,-0.023292339192660366,-0.02925497232323958,-0.06067241416796023,-0.07097649721433531,-0.003466428522210295,0.008133602244378663
ppg_bp_0p1_0p5,0.25257771008156055,-0.09950844312874198,0.024406508911501146,-0.031290266437455534,-0.1735636873934553,0.1770613451478637,0.37101253978315246,-0.1616115808645247,-0.0555798673403168,-0.017100738002234203,-0.1936334957915939,0.05517545627914116,-0.07688923561750695,-0.03942857168211895,0.061831094820477765,0.06927658140609105,-0.4087401974982356,-0.22128327989869426,-0.2659831317216729,-0.3404310783872872,0.27445610545173343,0.1900580157663318,-0.24239261077132307,0.23326456961481973,-0.03141776882647044,0.013749202150531232,0.08585031601254575,-0.015970882010218408,-0.03828888084870095,0.04379486420100031
ppg_zcr,0.04326586189498305,0.2776250474964206,0.07284762711420754,-0.07256965079665431,-0.06138129562093454,-0.12532329702826958,0.049424622278097435,-0.05776192909827175,0.6358083665837108,0.185404388064205,-0.11451557238789192,-0.2624197595988109,-0.1948702509371513,-0.3010622854867982,0.11622580632894927,-0.4279654428041466,-0.09579979490694278,0.13345954448120825,0.03773148408796938,-0.03316787286712046,0.08216642702483484,-0.006137562764897118,0.04215333950126664,0.015794670610011722,-0.003884577760543703,-0.009705858090832128,-0.022856221841134842,0.0031493790164665203,-0.001891254572985103,-0.01929428488931537
