,PC1,PC2,PC3,PC4,PC5,PC6,PC7,PC8,PC9,PC10,PC11,PC12,PC13,PC14,PC15,PC16,PC17,PC18,PC19,PC20,PC21,PC22,PC23,PC24
ppg_infra_mean,-0.03556174887719651,0.009338495595165372,0.5652193470877099,-0.07971101290800094,-0.2400581005037113,0.14535161523471407,0.030309672280204748,0.2303707342627114,0.015671671169463386,-0.25568180552290865,-0.04129094023072481,-0.04054032789057762,0.31836179569298156,-0.33562286907979993,0.2154307464259119,0.08684809976713641,-0.11178481840842418,-0.05629512447567026,-0.18129749289517685,-0.02825015397126137,-0.07719473323439563,-0.3823035398717535,0.024905061459296097,0.03305677177903723
ppg_infra_min,-0.33308978072053397,0.017199183217770857,-0.038580855702383565,-0.012880246559480607,-0.1136177845792217,0.0725446707297398,0.09404106780613386,0.05327723417961498,0.062291057393196514,0.020499000135406977,-0.003818403701092409,0.17664455534370635,0.431206613544138,0.011183918902375026,0.05260362915037433,-0.09664148731154734,-0.2323488800724074,-0.16386575703218528,0.6631086979007911,0.14210620722729814,0.2244892481520859,0.16333242726407257,0.05143990347783778,-0.055620179257863805
ppg_infra_max,0.3313212311819615,-0.007053135839227907,-0.01071383990363273,0.0014193073335998668,-0.16399115961207664,0.05539085215568955,-0.04479713602737101,0.04040930557871305,-0.05046149256635506,-0.01947993682653971,-0.06237551489601951,-0.21064430348398136,0.03926805471612917,-0.5400862324528244,0.15840808982712654,0.08189009417558453,0.18823680767595535,0.17819976642551405,0.06662902960967777,0.07674640447046649,0.21492353653392263,0.585929346024098,-0.11079809278899659,0.030622411829628007
ppg_infra_median,-0.044079440419779764,0.001393946561865822,0.4564015535050297,-0.018824043632137046,0.28573623965416683,0.06208217841162098,-0.2583863466137993,0.04257938677172405,-0.28336812500612224,0.7159297678136907,-0.04971820977146828,0.04465127860398075,0.01764595124322642,-0.020864804775359836,0.036368349063756134,0.037134316412317854,-0.017337398089263614,-0.015880908865790366,0.0687418144284858,0.026660044589101303,-0.13235021734138502,0.10331075447910518,-0.018154644671369506,0.006875233300038623
ppg_infra_iqr,0.304451605537161,-0.1558954968872007,0.027220689538706683,-0.023661237431579156,-0.01721239770905323,-0.039104759564795165,-0.10212589817189288,-0.1181807425285068,-0.21221213271683842,-0.08186589814151186,-0.09538703751157428,0.3118405799038665,0.19602740033861776,0.32376657396960623,0.19211342560503436,-0.010797167685372101,-0.23530512816000523,-0.13091582043906483,-0.34577488864092304,0.4230834984375312,0.32368641522199587,0.0860378355864932,-0.17703876628449247,0.050425400912816
ppg_infra_skew,0.07381820347901748,0.03829987277248557,-0.07626775215548919,-0.09831200004040501,-0.759025026340566,0.1276036794524287,0.10327721321128026,0.35047273733010736,-0.1824652087110959,0.3093834188514776,0.03701890398817336,0.12059213401551108,-0.17211742749151393,0.20922668595580024,-0.15816435087819883,-0.021523862646073838,0.07396190317883217,0.03456504662796253,-0.019755861301463947,-0.017827994372348544,0.000618524839114092,-0.02118215365705233,0.001949658588863204,0.008537506699698208
ppg_infra_kurtosis,0.05440378472951585,0.40125934119293377,0.003801630261644807,0.04107348776354248,0.0009901615572195834,-0.005485885712000433,-0.11985634892196333,-0.07130061481468514,0.030551012830905003,-0.07418620536504357,-0.34938607623965573,0.23595634986846833,0.19225368794384617,-0.020760690179436762,-0.49224080648479046,0.5333718330665017,0.06585243563402467,0.15488250334205772,0.031280488148468635,0.07905042814084112,-0.027421965534882724,-0.04297559448756145,-0.1168363639773604,-0.12118216276579379
ppg_infra_diff_mean_abs,0.32767454406535873,-0.1026305380410793,0.027588929186109355,0.10942373548857764,-0.04467910096302201,-0.021209159452172575,-0.05546840007322618,-0.013698789326204703,-0.025047445086215297,-0.041319017247213465,-0.03065774465694525,0.039368300378612685,-0.16306623632188968,0.12326150073648823,0.2740370917279405,0.399585674169034,-0.26681279794307233,-0.10980231242881319,0.16879652488422633,-0.2943043340133635,-0.0016284505889685172,0.04800317007804059,0.44877545420452597,-0.4245214873241661
ppg_infra_signal_energy,0.3194224442847965,-0.11024866938059649,0.026728388646798093,-0.008957242502678025,0.012258001542850434,0.025128881350638822,-0.15102693847968085,-0.07991167812459171,-0.020877310175510477,0.005350967601065126,0.022999274101274933,0.1680446297823396,0.42493439584907744,-0.040774255803468086,-0.35233990484630257,-0.49946242719170736,0.16499299601189746,0.035120500634156886,-0.08283268431283244,-0.36247918448377814,0.05710823015790713,0.0006988467365714981,0.22835258842405018,-0.21876357941551805
ppg_infra_zcr,-0.05818495637939011,-0.01152228376567808,0.059365926147364835,0.6779928332570322,-0.060900773990684054,-0.007847717269363213,0.030887171923962353,0.0034018164641362383,-0.11265658934250149,-0.013315935872287802,0.172455503493397,0.04981855103987262,0.025470984581974047,-0.0012637847934928597,-0.011301842552553804,-0.09871478213361826,-0.31312194659382525,0.6098305159444778,-0.007133335885953666,0.03194580427769704,-0.019952909941390314,-0.02696391294430743,-0.015524177061256294,0.02359135782199575
ppg_infra_p5,-0.33000602796682976,0.08824942991816027,-0.0006615225652282756,0.012771515447676601,-0.058610742516235916,0.019115194349910877,0.14084459645888814,0.06542181974499746,0.17096232504922532,-0.008312309300319603,-0.0829709640662967,0.08023766852468506,0.23019684989868758,0.16668073137028186,0.12893304801678257,0.01409288895619115,-0.08853876445900745,-0.03592056767576295,-0.42742248721123394,-0.18434390067815276,-0.3793455658135018,0.569121037689816,-0.006870900077973411,-0.14615312060132948
ppg_infra_p90,0.3218455484794185,-0.12326846801116895,0.03610504544682307,-0.027801198483205912,-0.06139102171869239,-0.02636313860261421,-0.0650151784529912,-0.05009220865209041,-0.13872333179597107,-0.24455902759164233,0.06343595184062809,0.10147696270038394,-0.005027075239066011,0.01822042729494407,-0.06690005751458432,-0.09109926222700208,-0.06317249591811461,-0.08813277756533675,0.32205742445016966,0.20835901656642108,-0.7476227545312446,0.0991589201991523,-0.12312700606294615,0.13642469936526455
ppg_infra_trim_mean_10,-0.06502280722377493,-0.008443646048290246,0.5796961049622692,-0.06009317294989769,0.07841826928642791,0.05266273312819436,-0.022099582197563826,0.15347623173125458,0.04001766107857927,-0.38266363461846764,0.052287413335896836,-0.020060093798443167,-0.32341793571431554,0.3466162262398574,-0.23696864765950507,-0.09535987362635218,0.12874753009819612,0.08305780843179565,0.13729973757324931,-0.005391860320823918,0.21926275582540933,0.29891523693418104,-0.00670914209660487,-0.04572386866415084
ppg_infra_crest_factor,0.08483390574172914,0.3803134972678398,0.008759023145943236,0.1111604707366303,-0.07192623236162503,-0.02680401405307757,-0.07197274379385316,-0.022567933294008885,-0.026380416046724343,-0.0168734901681509,-0.5766552217150971,-0.25726099373753647,-0.10314752843624357,0.13632634138829963,0.2651880660989179,-0.41364473070564467,-0.0431208561180867,-0.012481585720162579,0.11687487864676985,-0.04000314142657224,-0.03604683295309193,-0.11196417834122867,-0.23862558115602603,-0.25642052864267795
ppg_infra_shape_factor,0.05427976065077474,0.39223361970640824,0.00018336440513193604,-0.007039687270312053,-0.05891847990878899,-0.01270869972157827,-0.24331472327987916,-0.013202794959883983,0.06445294399286206,0.011835220435944871,0.4758992982149325,-0.1479429837254677,-0.1205357521657678,-0.18348258301836987,-0.23631437655639131,-0.09312123200739438,-0.4515716099930335,-0.3251080207887791,-0.11761233381672587,0.031367747281964106,0.056030457415299835,0.06764931900237527,-0.19296885207369935,-0.21305815954486013
ppg_infra_impulse_factor,0.07326554304668709,0.4206619101339565,0.006794282283423507,0.05763510431510951,-0.040864398038184396,-0.010570488507368516,-0.15892727255834305,-0.03068687610757344,0.03172458481452799,-0.027965173348695256,-0.10523858063996881,-0.05296625301977007,0.0016779961975962895,0.06450823416473984,0.018152698667169464,-0.09261069652014622,-0.09471458203440111,-0.07583444624768552,-0.04819641771493784,0.046498195129894705,0.01566832484752287,0.1096223935957431,0.594022095901823,0.6109464565740419
ppg_infra_clearance_factor,0.05934333444184398,0.3904163910141065,0.0041626631115100335,0.01670100627196945,-0.023125524187337286,-0.012460790896763158,-0.2218976892569958,-0.03388408781204025,0.08256895366968202,-0.02758622434719126,0.46007379470934534,0.18780428623057865,0.1597157278084613,0.21274076369298933,0.4363542887168836,0.06268179752873497,0.47802043636913366,0.1278966911830329,0.09187196175504841,-0.006028349317794807,-0.027120590962182223,-0.07172962189105257,-0.08637640698018198,-0.07988827086199331
ppg_infra_mean_cross_rate,-0.0551313392246771,-0.05188359837774481,0.05975745129830375,0.6736889506580304,-0.05400087902599571,0.001985095349297983,0.08409303007709334,0.014720011073587223,-0.1395862288159915,-0.029024037346567347,-0.01906999735719286,-0.01353866830163647,0.0042378825449484354,-0.04622878704184906,-0.08220977776029584,0.05799812927119055,0.36536528077294916,-0.5964647516917881,-0.04005196958105929,0.029514266813126532,0.02792856822217241,0.021565574953687185,-0.020967779934748576,0.007719571398566899
ppg_infra_tke_std,0.2752046293641904,0.008322151758145886,0.08158820059063823,0.09474884349276286,0.10334648083668768,0.05727244025941833,0.26540308639648535,0.20067983128728134,0.5892827315011262,0.24007783572953317,0.018700327760398323,-0.08905460737087535,0.034192328210102624,0.04112207358534697,-0.06513687303086696,-0.07553406066103487,0.06464825031487732,0.02560847976319644,-0.04222492486424558,0.5101213175394295,-0.07379212671711156,-0.046917488186218805,0.19773781994541945,-0.21051938387619243
ppg_infra_tke_mean_abs,0.31413114213494947,-0.06495051213792845,0.06209261981711501,0.11717338930694388,0.03724046488735767,0.035036614224576754,0.06403338038147789,0.1009718134308818,0.4150850057299182,0.14250109535822336,-0.011595121091346274,-0.01270337806814772,0.10728254433501036,0.19068887550670108,0.013161969676429935,0.12177998534238067,-0.1541457045902003,-0.08498612260564986,0.11696394110736145,-0.4575798235582485,0.08012205875785677,0.0020139850473704928,-0.418527677551553,0.41376588399979497
ppg_infra_dx_mean,-0.014593440165275919,-0.032005861506174973,0.021083697528622703,-0.00929094657820169,-0.0060995312880847,-0.9046956415082448,-0.09010242705465064,0.40283463590070384,-0.006216071014989062,0.004675525782844724,-0.01717382561041945,-0.0020086268984030216,0.08220459666995285,-0.036211689243142955,-0.011151044121788287,0.0003185448021416735,0.008202267452914134,0.0021178718965884267,0.016744810725794375,0.00044564605382774533,0.017516301340275174,0.008162768209846169,0.006854615078448935,0.0007883494573282226
ppg_infra_ddx_mean,0.041161066189314414,0.027886546079548557,-0.3199849592861131,0.037530025641152355,0.37455815982426766,0.3376468921692877,-0.1844994606418136,0.7366974533504342,-0.180551451914977,-0.15559897759145985,-0.02593224760882655,0.012867973683705508,0.04939099400910837,0.02216229968569141,0.016008898616471114,0.0015301505390692498,-0.029589464417620528,-0.006865555473184322,-0.025208234613486105,-0.004778332570046739,-0.007781874635217495,-0.009923950918479307,-0.005785054689339359,-0.007492307179803781
ppg_infra_dx_kurtosis,0.12284129387826109,0.2921921027643826,0.06016954809098814,-0.040839018390989336,0.19852187521606407,-0.054426491405420434,0.523640879545521,0.053710603915622955,-0.10304449832835712,0.007965174328916988,-0.0025832798615693826,0.5977889294048204,-0.2661616893738122,-0.28598601112536826,0.09151925430253648,-0.1571809343208963,-0.04528269405580024,-0.047630099008814326,0.001821033391123562,-0.11911583128341519,0.0355546668699143,0.015212585699522024,-0.026375618348597432,0.018275229288205165
ppg_infra_ddx_kurtosis,0.17883417791344017,0.21186328086305828,0.03192496632991943,-0.0959330444246225,0.14044510825716092,-0.05261875648560563,0.5456792589206988,-0.022192439815770796,-0.4183027426023494,0.008637158825692487,0.175925456133547,-0.460406737482687,0.31144993400614573,0.23559675577885603,-0.0820151897382088,0.11230843554357162,-0.008367248411773767,0.024111712003174603,0.020371651445368927,-0.03033486030381362,0.011590292286817894,0.0052125566925051905,0.010444782007054757,-0.008850890540640376
