,eda_cc_mean,eda_cc_std,eda_cc_min,eda_cc_max,eda_cc_range,eda_cc_median,eda_cc_iqr,eda_cc_mad,eda_cc_rms,eda_cc_mean_abs_diff,eda_cc_slope,eda_cc_skew,eda_cc_kurtosis,eda_stress_skin_mean,eda_stress_skin_std,eda_stress_skin_min,eda_stress_skin_max,eda_stress_skin_range,eda_stress_skin_median,eda_stress_skin_iqr,eda_stress_skin_mad,eda_stress_skin_rms,eda_stress_skin_mean_abs_diff,eda_stress_skin_slope,eda_stress_skin_skew,eda_stress_skin_kurtosis
eda_cc_mean,0.0,0.6376008540080587,0.9999937960297163,0.9999938399402837,0.6375313462343173,0.9999999995288953,0.6377292161752504,0.6377928008623214,0.9999999999991095,0.6375313462343178,0.04926064155832659,0.1349114553303508,0.21916923424510942,0.1280522431227807,0.26374274362825234,0.12235078983580032,0.133684561090415,0.263865724051649,0.1279889298320437,0.26390708315625455,0.2635648769316484,0.12810718417786351,0.2631255353249733,0.33920655159230795,0.039889607820959724,0.01076279268489145
eda_cc_std,0.6376008540080587,0.0,0.6348836213947553,0.6403004122860423,0.9999858364391047,0.637599620113166,0.9999882056613222,0.9999842524307758,0.6376018397021539,0.9999858364391042,0.553110036079626,0.10315727945870506,0.31888969642613674,0.38107200810070296,0.44833348658924,0.37605822111334364,0.385988370994218,0.4483944116540735,0.38100225569478896,0.44821521010602505,0.4474175085879811,0.38114845805847164,0.44725313716697374,0.38781712217323683,0.04790075617299233,0.004412769468580776
eda_cc_min,0.9999937960297163,0.6348836213947553,0.0,0.9999752784853151,0.6348139339015496,0.9999937997291227,0.6350124023443777,0.6350761281004142,0.9999937915233379,0.63481393390155,0.04687792812141241,0.134791405746837,0.2183504856659171,0.12668306343850574,0.2624615108901383,0.12098791350910262,0.13230929984556183,0.2625843558618967,0.1266198905439371,0.2626268970409903,0.2622868796037791,0.12673781567659276,0.2618477756126945,0.33842204028644607,0.03978525508188962,0.010800526789100956
eda_cc_max,0.9999938399402837,0.6403004122860423,0.9999752784853151,0.0,0.6402312579962482,0.9999938321160996,0.6404281428327775,0.6404914644721811,0.9999938444294894,0.6402312579962491,0.05163961437556446,0.1349449444924747,0.21998319568948724,0.12941593753775651,0.26501699484535224,0.1237082613538133,0.1350542083424683,0.2651396800558104,0.1293524969326518,0.26518033232761146,0.26483487427883695,0.1294710676977191,0.2643973380230956,0.33998664400749384,0.03998666741032726,0.0106846134728313
eda_cc_range,0.6375313462343173,0.9999858364391047,0.6348139339015496,0.6402312579962482,0.0,0.6375300823143237,0.9999525139006405,0.9999487343492262,0.637532331847983,1.0000000000000002,0.5531276164031574,0.10280535072133638,0.31861666943357586,0.38106825865256727,0.44813850629724494,0.3760609700167708,0.3859775647505224,0.4481992682188526,0.3809985664315494,0.44801882550534633,0.4472042082951141,0.3811446931051805,0.4470965379067794,0.38768203209077207,0.04749665922176341,0.005851557758045591
eda_cc_median,0.9999999995288953,0.637599620113166,0.9999937997291227,0.9999938321160996,0.6375300823143237,0.0,0.6377280346888236,0.637791659859716,0.9999999995256836,0.6375300823143241,0.04925806869300774,0.13493555013317662,0.21916895572466422,0.1280514238115446,0.2637418279239679,0.12234998264190393,0.1336837426053938,0.263864907534763,0.1279881072900132,0.2639061724441282,0.263564313135988,0.1281063645200822,0.26312431052150115,0.33920591805526706,0.03989068123700318,0.01077235909899375
eda_cc_iqr,0.6377292161752504,0.9999882056613222,0.6350124023443777,0.6404281428327775,0.9999525139006405,0.6377280346888236,0.0,0.999997690190173,0.6377302018193922,0.9999525139006401,0.5532286520265848,0.10443115351672778,0.31911607479432136,0.3811598129249366,0.4484560907439638,0.3761441423195572,0.38607806845138065,0.4485188083803223,0.3810900688819345,0.44834455983425975,0.44757431552471116,0.38123625122670657,0.44733324767504984,0.387882624123591,0.04850581584946486,0.002329150203780093
eda_cc_mad,0.6377928008623214,0.9999842524307758,0.6350761281004142,0.6404914644721811,0.9999487343492262,0.637791659859716,0.999997690190173,0.0,0.6377937863917454,0.9999487343492259,0.5531019221515394,0.10632437169733872,0.3191070110167223,0.38108880452372956,0.44838010204513035,0.3760741047965293,0.386007163185188,0.44844959193662093,0.38101871114432173,0.44826716298070685,0.4475158176333298,0.3811652334155063,0.4472425695054764,0.3878253611494303,0.048498477985155324,0.002037798041189576
eda_cc_rms,0.9999999999991095,0.6376018397021539,0.9999937915233379,0.9999938444294894,0.637532331847983,0.9999999995256836,0.6377302018193922,0.6377937863917454,0.0,0.6375323318479839,0.049261694632722404,0.13491145942493316,0.2191693457548363,0.12805285340734773,0.26374330631866433,0.12235139763200742,0.13368517378385728,0.26386628638318316,0.12798954006036736,0.26390764564140823,0.26356543826741996,0.12810779453833843,0.2631260956816406,0.3392070012370936,0.03988965013437869,0.010762779944074829
eda_cc_mean_abs_diff,0.6375313462343178,0.9999858364391042,0.63481393390155,0.6402312579962491,1.0000000000000002,0.6375300823143241,0.9999525139006401,0.9999487343492259,0.6375323318479839,0.0,0.5531276164031586,0.10280535072133806,0.3186166694335724,0.38106825865256716,0.448138506297244,0.3760609700167708,0.3859775647505222,0.44819926821885153,0.38099856643154933,0.4480188255053454,0.44720420829511304,0.38114469310518045,0.44709653790677845,0.3876820320907725,0.04749665922176474,0.00585155775804462
eda_cc_slope,0.04926064155832659,0.553110036079626,0.04687792812141241,0.05163961437556446,0.5531276164031574,0.04925806869300774,0.5532286520265848,0.5531019221515394,0.049261694632722404,0.5531276164031586,0.0,0.029592565671657505,0.004250207898252493,0.5405755262931372,0.5052290320509568,0.5380799548242049,0.5429015371329432,0.5049075508310766,0.5405428528487489,0.5050108011728706,0.5040471073678194,0.5406433063945879,0.5043285286226907,0.36529546814945424,0.028989012510990366,0.018648418505534555
eda_cc_skew,0.1349114553303508,0.10315727945870506,0.134791405746837,0.1349449444924747,0.10280535072133638,0.13493555013317662,0.10443115351672778,0.10632437169733872,0.13491145942493316,0.10280535072133806,0.029592565671657505,0.0,0.02472387248046855,0.016171586634421566,0.001684540096494776,0.016420520129214005,0.01541406729330594,0.0013882135256914976,0.016326856538646982,0.001859270592343967,0.0056877343523220585,0.016169757704493123,0.00887982413652284,0.0017034142997285168,0.084562732042673,0.26256016830451745
eda_cc_kurtosis,0.21916923424510942,0.31888969642613674,0.2183504856659171,0.21998319568948724,0.31861666943357586,0.21916895572466422,0.31911607479432136,0.3191070110167223,0.2191693457548363,0.3186166694335724,0.004250207898252493,0.02472387248046855,0.0,0.07697590408643049,0.0933641534041819,0.07585115494560708,0.07806336099793117,0.09348867628139393,0.07696095317145091,0.0931792818188713,0.0934435559414215,0.0769961260872767,0.0936780311148279,0.014733434188026948,0.018834134801140934,0.002928383086147982
eda_stress_skin_mean,0.1280522431227807,0.38107200810070296,0.12668306343850574,0.12941593753775651,0.38106825865256727,0.1280514238115446,0.3811598129249366,0.38108880452372956,0.12805285340734773,0.38106825865256716,0.5405755262931372,0.016171586634421566,0.07697590408643049,0.0,0.806307153631987,0.9997771392501673,0.9997857680062426,0.807827119397487,0.9999995973616311,0.8046990636315096,0.8058962821475402,0.9999999635856343,0.8079144737646149,0.6559813517181788,0.034772663447950644,0.01232225010336821
eda_stress_skin_std,0.26374274362825234,0.44833348658924,0.2624615108901383,0.26501699484535224,0.44813850629724494,0.2637418279239679,0.4484560907439638,0.44838010204513035,0.26374330631866433,0.448138506297244,0.5052290320509568,0.001684540096494776,0.0933641534041819,0.806307153631987,0.0,0.7937301451655786,0.8183500089322526,0.9997074671144702,0.8061918169560736,0.9997482798100008,0.9998342255892508,0.8064444887038329,0.9989566443540782,0.7696911351058775,0.025654786477407703,0.05026869091411116
eda_stress_skin_min,0.12235078983580032,0.37605822111334364,0.12098791350910262,0.1237082613538133,0.3760609700167708,0.12234998264190393,0.3761441423195572,0.3760741047965293,0.12235139763200742,0.3760609700167708,0.5380799548242049,0.016420520129214005,0.07585115494560708,0.9997771392501673,0.7937301451655786,0.0,0.9991326940845646,0.7952534728585018,0.9997787861561931,0.7921341577331259,0.7933288328445052,0.9997722997286577,0.7953695956756839,0.647361349692957,0.035736315213772026,0.0110856484948183
eda_stress_skin_max,0.133684561090415,0.385988370994218,0.13230929984556183,0.1350542083424683,0.3859775647505224,0.1336837426053938,0.38607806845138065,0.386007163185188,0.13368517378385728,0.3859775647505222,0.5429015371329432,0.01541406729330594,0.07806336099793117,0.9997857680062426,0.8183500089322526,0.9991326940845646,0.0,0.8198089046657538,0.9997802557091677,0.8167894704266289,0.8179546799941392,0.9997905516860344,0.8198702634406727,0.6642611182485212,0.032098805786039186,0.0136494435016759
eda_stress_skin_range,0.263865724051649,0.4483944116540735,0.2625843558618967,0.2651396800558104,0.4481992682188526,0.263864907534763,0.4485188083803223,0.44844959193662093,0.26386628638318316,0.44819926821885153,0.5049075508310766,0.0013882135256914976,0.09348867628139393,0.807827119397487,0.9997074671144702,0.7952534728585018,0.8198089046657538,0.0,0.8077242112285238,0.9989342380730536,0.9994703729244534,0.8079633243581115,0.9992964438467115,0.7690535047526451,0.024091772159184704,0.04628498831990527
eda_stress_skin_median,0.1279889298320437,0.38100225569478896,0.1266198905439371,0.1293524969326518,0.3809985664315494,0.1279881072900132,0.3810900688819345,0.38101871114432173,0.12798954006036736,0.38099856643154933,0.5405428528487489,0.016326856538646982,0.07696095317145091,0.9999995973616311,0.8061918169560736,0.9997787861561931,0.9997802557091677,0.8077242112285238,0.0,0.8045707342547502,0.8057747874300447,0.9999994969889379,0.8078108533952334,0.6558945187992652,0.03522733111387014,0.012296354111687745
eda_stress_skin_iqr,0.26390708315625455,0.44821521010602505,0.2626268970409903,0.26518033232761146,0.44801882550534633,0.2639061724441282,0.44834455983425975,0.44826716298070685,0.26390764564140823,0.4480188255053454,0.5050108011728706,0.001859270592343967,0.0931792818188713,0.8046990636315096,0.9997482798100008,0.7921341577331259,0.8167894704266289,0.9989342380730536,0.8045707342547502,0.0,0.9997252063133937,0.8048371742871573,0.9981631875802315,0.7698600183411125,0.028549659551290046,0.05552524610144625
eda_stress_skin_mad,0.2635648769316484,0.4474175085879811,0.2622868796037791,0.26483487427883695,0.4472042082951141,0.263564313135988,0.44757431552471116,0.4475158176333298,0.26356543826741996,0.44720420829511304,0.5040471073678194,0.0056877343523220585,0.0934435559414215,0.8058962821475402,0.9998342255892508,0.7933288328445052,0.8179546799941392,0.9994703729244534,0.8057747874300447,0.9997252063133937,0.0,0.8060336866384311,0.9986834474966111,0.7698806886948871,0.028233481073595468,0.05613128571059599
eda_stress_skin_rms,0.12810718417786351,0.38114845805847164,0.12673781567659276,0.1294710676977191,0.3811446931051805,0.1281063645200822,0.38123625122670657,0.3811652334155063,0.12810779453833843,0.38114469310518045,0.5406433063945879,0.016169757704493123,0.0769961260872767,0.9999999635856343,0.8064444887038329,0.9997722997286577,0.9997905516860344,0.8079633243581115,0.9999994969889379,0.8048371742871573,0.8060336866384311,0.0,0.8080502942190183,0.6560816977347737,0.034736610267304346,0.012338440305006632
eda_stress_skin_mean_abs_diff,0.2631255353249733,0.44725313716697374,0.2618477756126945,0.2643973380230956,0.4470965379067794,0.26312431052150115,0.44733324767504984,0.4472425695054764,0.2631260956816406,0.44709653790677845,0.5043285286226907,0.00887982413652284,0.0936780311148279,0.8079144737646149,0.9989566443540782,0.7953695956756839,0.8198702634406727,0.9992964438467115,0.8078108533952334,0.9981631875802315,0.9986834474966111,0.8080502942190183,0.0,0.768294571735307,0.02485597704739999,0.041478985809536566
eda_stress_skin_slope,0.33920655159230795,0.38781712217323683,0.33842204028644607,0.33998664400749384,0.38768203209077207,0.33920591805526706,0.387882624123591,0.3878253611494303,0.3392070012370936,0.3876820320907725,0.36529546814945424,0.0017034142997285168,0.014733434188026948,0.6559813517181788,0.7696911351058775,0.647361349692957,0.6642611182485212,0.7690535047526451,0.6558945187992652,0.7698600183411125,0.7698806886948871,0.6560816977347737,0.768294571735307,0.0,0.0012195807506566023,0.023668905954875252
eda_stress_skin_skew,0.039889607820959724,0.04790075617299233,0.03978525508188962,0.03998666741032726,0.04749665922176341,0.03989068123700318,0.04850581584946486,0.048498477985155324,0.03988965013437869,0.04749665922176474,0.028989012510990366,0.084562732042673,0.018834134801140934,0.034772663447950644,0.025654786477407703,0.035736315213772026,0.032098805786039186,0.024091772159184704,0.03522733111387014,0.028549659551290046,0.028233481073595468,0.034736610267304346,0.02485597704739999,0.0012195807506566023,0.0,0.3446998071027115
eda_stress_skin_kurtosis,0.01076279268489145,0.004412769468580776,0.010800526789100956,0.0106846134728313,0.005851557758045591,0.01077235909899375,0.002329150203780093,0.002037798041189576,0.010762779944074829,0.00585155775804462,0.018648418505534555,0.26256016830451745,0.002928383086147982,0.01232225010336821,0.05026869091411116,0.0110856484948183,0.0136494435016759,0.04628498831990527,0.012296354111687745,0.05552524610144625,0.05613128571059599,0.012338440305006632,0.041478985809536566,0.023668905954875252,0.3446998071027115,0.0
