,PC1,PC2,PC3,PC4,PC5,PC6,PC7,PC8,PC9,PC10,PC11,PC12,PC13,PC14,PC15,PC16,PC17,PC18,PC19,PC20,PC21
ppg_red_ddx_kurtosis,0.20463651887261103,0.25791551931951273,0.11671947576666021,0.05278869800222184,-0.11024481085643167,-0.067384477395715,-0.4025008636007094,-0.2701043132536176,0.2513980386728586,0.38008671684083456,-0.10479682148957631,-0.40314416576846457,0.4491695300158001,0.17673401404797717,0.08806733882519127,0.016557190200708085,0.021013064039643797,-0.01441496766370723,0.0013278935559377912,0.0250013862301056,0.008166992821493982
ppg_red_p90,0.3387093039099468,-0.12504943855921033,0.019837873307247997,0.08152949706092924,0.09134266007208229,0.09503683663240613,0.05898888318587517,-0.2224884734342651,-0.01151979406148718,-0.08672668338377372,-0.22331976724352412,0.04494553149350438,-0.057891444464171556,-0.03433062418135833,-0.020566216444908365,0.0599774456755845,0.1242719834528952,0.03612175706436663,0.5852622873761282,0.07728138619402114,-0.5990765998583462
ppg_red_mad,0.3319102583344501,-0.14483250345904455,0.03821717892608338,0.0437414904709846,-0.0028754986563940903,0.10200090332223608,0.14256975335120606,-0.2465567342547123,0.028881138934644585,0.06180043080020343,-0.0517049410521474,0.05906933812503001,-0.07478629939053028,-0.12464800245824241,0.010562179001480931,-0.33077328176172616,0.5366726908658823,0.12509676065710762,-0.5657991890961365,-0.005658760126092589,-0.09306065087477661
ppg_red_p10,-0.33786803289990225,0.12202311028620136,-0.04875343491920902,0.006550512016087111,0.06765703710818288,-0.08511661282925823,-0.1796388822607625,0.23564755664664078,0.0012521412560676521,-0.07742507434361942,-0.1804425401790057,-0.025240254280647592,0.0761512604856454,0.0560519590778348,0.0861809465920908,-0.07637298963007164,-0.08666598317969326,-0.09818904132194393,-0.3551820674867117,-0.31524315337950154,-0.6817883037514725
ppg_red_tke_mean_abs,0.32279754602506816,-0.09619138618803247,-0.09163109653143371,-0.03580550249016293,0.044069554221115075,-0.08868075313429578,-0.0289375827089684,0.44065559089807343,-0.05551219148931914,-0.04201393804628743,0.035326612772777925,-0.08109433766399815,0.06948711559868519,0.08580127517410571,0.1421300817445945,0.02804089817038309,-0.05978742341424188,-0.3275750123738287,-0.18586430887233885,0.6809164681622533,-0.13087484933903246
ppg_red_tke_std,0.29509425207332307,-0.05012777560777642,-0.08196308516309259,-0.042986068827985134,0.025146150585324184,-0.1669787355618789,-0.1734546606123336,0.5657186381624479,-0.011075031113306101,0.025796679428432598,0.04104877277856119,-0.1123179442088044,-0.021438868162108157,0.008393693485541802,0.11001671488306929,0.02136700517317642,0.16092309955294004,0.6300640974754942,0.12002864727309207,-0.23504838278464724,0.04992126735751048
ppg_red_crest_factor,0.1583826683036724,0.3570877821320976,-0.07384667448978723,-0.026616619717057817,-0.2293662878785684,-0.07344786800875283,-0.1669266475814432,-0.17825904965932773,-0.18944415045361576,-0.5679814589851054,0.13831188659419646,-0.10555534231497579,0.025043828941853013,-0.28963238240080735,0.28196832855544085,-0.36891387120274965,-0.16986347298940996,0.047607304852834514,0.049159851255440666,0.02377612374708664,0.024765249142749038
ppg_red_signal_energy,0.3279399671632194,-0.1483823118832892,0.012659070396028597,0.01884009328964088,0.02534339298623793,0.0965478314053432,0.19523278076569622,-0.05876567269873858,-0.04453146345274737,-0.023495153695549418,-0.01864171122899731,0.24883809888242997,0.10521704005589554,0.39956668245257204,0.5818311151124478,0.07804764928571417,-0.2352258357670449,-0.16786253454702835,-0.06148262669683014,-0.37629663076180103,0.0967240006904338
ppg_red_dx_kurtosis,0.16737972822133307,0.3651242564866983,0.08553814313439899,0.027424673639640195,-0.056633337467020796,-0.1139168969762911,-0.34724922942446834,-0.004130905400413637,0.15080022503080168,0.30498844592220986,-0.04338643775187537,0.5047474809970496,-0.5332450551219021,-0.10171045942672846,0.08046454351792041,0.05659855506969358,-0.0975886798083371,-0.05153936560132136,-0.035885346307187004,0.05685638283753092,-0.018203298772100807
ppg_red_ddx_std,0.34766764538021183,-0.05765173217650657,-0.07838187665271294,-0.02436984822409271,0.011147840199214496,-0.08383238442881875,-0.10297021477289485,0.20787750805837427,0.013046026402093095,-0.0075993202553134125,0.01799962120675149,-0.1213153642253001,-0.018362440548063422,-0.22855372341271282,-0.36407669041559265,-0.10596425128174454,0.07348967681435042,-0.5907116992526377,0.09732182993826245,-0.467188924435344,0.11998392563004597
ppg_red_min,-0.3503686191099348,0.06367317887766827,0.005480643354518911,-0.025493831397126628,0.10777272160186831,-0.008208928237875985,-0.1026416557497691,0.12745995106523025,0.0009742470619801667,0.031303222317029616,-0.06442887706153516,-0.01780801734799647,-0.06214092096933627,0.021816448515884587,0.4757928744759494,-0.1613755353761314,0.6156077003377394,-0.27891403652879193,0.3052870069454246,0.024974529739883483,0.14576249309982672
ppg_red_clearance_factor,0.042383480183348914,0.3533312020856546,0.12885361054470298,0.012726786082310348,0.33536723906280047,0.18755572634041612,0.48580028075973797,0.18162909267094535,0.0365359737370821,0.338408510617821,-0.14853836954407806,-0.20085977176798214,-0.009253163467253554,-0.29557157736396067,0.1291259243472143,-0.29928520318566065,-0.25013442799619395,0.03540298283025899,0.06446336158921204,-0.0016016643835032004,0.004538818795713292
ppg_red_shape_factor,0.11863807969578352,0.4535101195812278,0.041952600241961555,0.0001191901582605507,0.11542353316910094,0.07834516955273807,0.1874748289763578,-0.04184160919070763,-0.07574842467661383,-0.23161143064987422,0.06458137046580106,-0.3102541750625148,-0.22619644120187624,0.0597812645893995,0.017213792992548507,0.6412367088395093,0.24571852942900052,-0.051427123573114415,-0.16493432943129885,-0.07511412154654447,-0.01543042385768082
ppg_red_median,-0.04348717299715159,0.04330797958014925,-0.24506530326989065,0.526990838910365,-0.23376011984421358,0.08425193073894728,0.1807415919031497,0.08197253734271272,0.39482165704389327,0.08214445024456153,0.5902401654261393,-0.01484220750933789,-0.005858254598641625,-0.019695979655548746,0.06794672815886121,-0.023581875119666015,0.04165063855237109,-0.034164884735654405,0.06920597876197095,-0.031243160839815914,-0.17840798597515775
ppg_red_skew,0.02448266172067784,-0.12762478056446788,0.17171820861553075,-0.0797857497460909,0.7021475479533079,0.17655443770922072,-0.31218042106555244,-0.08193465190497784,0.3754397978105797,-0.254485302716425,0.31405959149743967,0.020506288434281247,0.0157064584059523,-0.05542269705840905,0.021882495709749917,-0.02402429269362989,-0.07800707724531034,0.03021209304599029,-0.04453994884120322,0.00997948924419152,0.026070256305132333
ppg_red_kurtosis,0.06952370145634307,0.46841585478555,0.05210374535888032,-0.011632916359956617,0.10723889936998927,0.04078473248007479,0.11602721832622782,0.13842920260869906,-0.05858453087337031,-0.13632929390586468,0.08470494015901267,0.454646221373655,0.4010601304085415,0.36578001719123515,-0.34038565529119635,-0.1760616902404696,0.2034903070427048,0.023876361730204,0.08051841202694913,0.034233125236514894,0.008976345080865866
ppg_red_zcr,0.016327031088378824,0.09186032348904148,-0.6037748481482369,-0.2795649056574785,0.1144273606657902,0.08036705905130746,-0.0033677831637854033,-0.13750958658178639,0.07737024835726447,0.05486063740016685,-0.0027783769351677912,-0.2308125645924234,-0.3628025579385286,0.46772343040659115,-0.11085807484613139,-0.2819745849518567,-0.05885726042886501,0.02202859226695308,0.039317304401926316,0.012584450852125117,0.00022390244907322896
ppg_red_ddx_mean,-0.0018530397585207992,0.005606246565731315,0.17154317410487802,-0.4399110435037251,-0.3724889948886394,0.10365923486375697,0.19435575839500907,0.14493834297960215,0.6813788378313895,-0.24623939749431548,-0.2051680810504872,0.01786324361002711,-0.015780917902901998,-0.0064955312459189845,0.00898970352584066,0.007880548204089744,0.01649139653904102,-0.009033924703239918,0.022924186089970898,0.009997623998109561,-0.0021407383174783723
ppg_red_mean_cross_rate,0.005858873414482246,0.0556220879787036,-0.616423038340725,-0.28189406381472604,0.09037269536575004,0.06994492293343146,0.003001286294709805,-0.08987866856663128,0.05808951004348589,0.1263841285605907,-0.03285776221991679,0.2656352622090157,0.365391282818346,-0.43328411691968743,0.1222148489609282,0.28998519808591827,0.0563079683645982,0.02401739804387818,-0.03555482021416478,0.0008252879324608274,-0.002901590704534224
ppg_red_trim_mean_10,-0.005025756775517074,0.018243522376455393,-0.24969965239774974,0.5887365864081984,0.11010035116610906,0.08355202502488276,-0.07705377369158584,0.06645038906718442,0.22251702755668878,-0.2783485415744222,-0.5928083149793818,0.03059280843511352,0.0002843556030508778,0.0069474268454684214,-0.0498074860741715,0.017580943133586678,-0.043204660044299285,0.03720035225728605,-0.0637964817654718,0.051140656781483176,0.262872247838092
ppg_red_dx_mean,-0.0003903023601046167,4.409144861369839e-05,-0.03172739592845004,0.016887441341144716,0.2169440877816224,-0.8876474784463139,0.29124848841970497,-0.18043460866393554,0.2033392576281276,-0.05659259029189312,-0.010755704113395152,0.01523432021202191,0.01421789590974169,0.009758584590628394,0.028698447448081754,-0.010943064444391406,0.009341985216491527,-0.0011214597763166462,0.007330813739483035,0.006652024527134435,0.004280632161861503
