,PC1,PC2,PC3,PC4,PC5,PC6,PC7,PC8,PC9,PC10,PC11,PC12,PC13,PC14,PC15,PC16,PC17,PC18,PC19,PC20,PC21,PC22,PC23
ppg_red_max,0.34413493934603173,-0.016946139236274853,0.012747263428130496,-0.02473370139549062,0.15183210710208705,0.08198202224411316,0.06793572509094507,-0.006937489264049808,0.07713623943708474,-0.07829300436188869,-0.06455337718796342,-0.004613698196763209,-0.06715022345457701,-0.008466591657273629,-0.014358130726967644,-0.4135883068388286,0.6608884877884385,0.004611905373628329,0.3865246955796772,-0.16402650318930964,0.1854185994912429,0.011963739209417327,0.07960972315201315
ppg_red_median,0.0007882716776542109,0.001296578470705289,-0.04368760358403553,0.5912392993225951,-0.28477284684302984,-0.04859942174113986,-0.04166674916719234,-0.0695888200036787,0.3709497902772963,0.02653799700931706,0.592647356554614,-0.05732772284132388,-0.06149863925248041,-0.02125129779789865,0.014701063099032328,-0.05094751933552258,0.08741296351080509,-0.008549395910140409,0.08591083069597177,0.01895813993329231,-0.20707404201626708,0.003323195875542756,0.016529928151620885
ppg_red_iqr,0.3231203746028469,-0.10793722447919388,0.05508249750750919,0.02415782538851208,-0.02574772062875456,0.18647185466884567,0.02327969436426494,-0.2924742006535908,-0.008728145623801914,-0.0010600067186973636,0.034179463459351404,0.027256204842622297,0.15829212127258985,0.07161366663493592,-0.01440146774633722,0.3128929368943036,-0.2465948340830722,0.53850747941604,0.24257484503852364,-0.40538587738920184,0.031441505289116,-0.17800231388168644,0.14789042156287813
ppg_red_skew,0.05117855450841702,-0.1081511809707774,0.09832644884566755,-0.18381625403285434,0.6785866381101241,-0.13705108918948317,0.31502682286814243,0.15147718066254678,0.4401354057953714,0.13023073476792213,0.3124497491929417,0.030513021968323464,0.053282599783085215,0.029833336023218655,0.026712687636304553,0.11050587671142609,-0.10154719989082092,-0.0022577034417951836,-0.060186799478553,0.021104606797175084,0.018985221996479257,0.008255691467619309,-0.00865093872007002
ppg_red_kurtosis,0.019562993996317588,0.4235305813296101,0.023771492221232968,-0.005268363600716206,0.03174120166581122,0.12824566953163635,0.0007053907703049921,0.013928444846104204,0.03073209408317514,-0.23529937396033657,0.027932145700378698,0.03639408411203038,0.16034782267066505,-0.06429236131141733,0.5060893280747646,0.4769502318211743,0.3346025789725014,-0.08833146213716934,-0.04280780300768136,0.15048192843179886,0.014595881348305148,-0.2916905801224561,0.02438033704077029
ppg_red_diff_mean_abs,0.3466407467569691,-0.031536005559424575,-0.1033816402267011,-0.011343360776330235,0.022570940219965654,0.054210645860424476,0.013077806489377853,-0.08472189694200755,0.010835883418155258,-0.0156451048333369,-0.04049095605928968,-0.35688811770987966,-0.2026955713363749,-0.03676048500704222,0.06561899230578881,0.07989731203418073,-0.04822639867966981,-0.3264468570497155,-0.18463804816429039,-0.3977553713217711,-0.14625707461157825,-0.09283551855575901,-0.5861157133619922
ppg_red_signal_energy,0.3314096047521672,-0.055054480077452214,-0.00828778079803379,0.02961435447076391,-0.06885490323819332,0.13585725610829438,-0.03597477734207988,0.03589481732344058,-0.014419872052373465,-0.04728740340562418,0.05529563887019738,0.5420023979673068,0.3365530208515502,0.10075294910062663,-0.11621597309214497,0.027659380975263135,-0.20530715522734766,-0.3569721163294821,0.30309385125967875,0.23742577921374494,0.0468158114885016,0.03711743646747705,-0.31947646932992635
ppg_red_zcr,-0.04042812565341538,0.0928595488704366,-0.6388314724575512,-0.05731350096490445,0.05729455591988539,-0.042821948762368715,0.08246035838435863,-0.1841232330222065,0.015322642175519666,0.1361069093211893,0.008869351386248813,0.11748430646047506,-0.017564599477867655,-0.31960159338991434,-0.48382699740569246,0.32715897412914796,0.2339400362587594,0.0003761759309567358,-0.017265318374622203,0.030182081539191778,0.004759912005791816,0.011370267436630202,0.015142584818029967
ppg_red_p10,-0.3326131262886636,0.08037687554295703,-0.036464942881335984,0.03830975008877574,0.1041924896356455,-0.1763648922438374,0.02538314009614403,0.23267397195627842,0.014897954816631462,0.038088840860846934,-0.2455953869864243,0.008267135308347301,-0.01666268570353374,0.0701279761972385,0.012359528336691539,0.09594292392441485,-0.0049083687132869275,-0.005467028276472699,0.5871775368474084,-0.1855681075794263,-0.5534643400241437,-0.08563990673885938,-0.11761438946496247
ppg_red_p90,0.3316769069531821,-0.076204691729205,0.04359470313723996,0.05284201824866375,0.12889478473583332,0.16872566149744755,0.07122704449444456,-0.2268816806752621,0.03881129314017108,-0.02219841228658002,-0.24872819402094237,0.007597417133139349,0.07895838816534331,-0.05178235290086409,-0.0017048816982409094,-0.11825962908396787,0.06475827983625755,0.07687819896126855,-0.253133463211312,0.3276421341737192,-0.683537768986786,0.08787627384974853,0.1858955499307448
ppg_red_trim_mean_10,0.002437879446610117,0.010846805365888704,-0.045887059433637446,0.6307384444928863,0.1382029972961563,-0.07551521440928835,0.09653586348963791,0.04000285000171373,0.2930815469893445,0.048400563629297004,-0.5970289105840847,0.03430593153583648,0.0769709081277428,0.03399432187169557,0.012753268876276614,0.05430906472530452,-0.07425839905402623,-0.007088419137632133,-0.11491857258591241,-0.028896854456336312,0.2973128852208909,0.0021964891593481877,-0.012651516943401449
ppg_red_crest_factor,0.025000378586069637,0.39266949783329713,-0.052349504452219246,-0.024493275270489334,0.06019059158567726,-0.023553217962485964,0.04423210040712095,-0.011401497516743526,0.10574627484324159,-0.5102740661230805,0.02655591457958839,-0.0934902949710481,-0.09573924689525416,0.5028309399682567,-0.44970568047679726,-0.10839470751733597,-0.10987880858122787,0.023331818187239426,-0.07474234871016262,0.05170001696717568,-0.015454908755759092,-0.23651785254961774,0.039082186457775434
ppg_red_shape_factor,0.01959900192986488,0.41293638644967834,0.02547757361313153,0.0029820624237222,0.06981121433142175,0.22010459431574228,0.006301880005405989,0.10214356509217089,0.07611781919077258,0.04275175190492196,0.008070829470740106,0.0915958994234253,-0.06964797005679275,-0.6006670334476837,-0.013886675142461993,-0.39518544074209494,-0.3426687016565387,0.04852971894675286,0.04046390881745937,-0.05551223876333535,0.0021848355162698745,-0.31886147376466006,0.01956424320997329
ppg_red_impulse_factor,0.025098171574618265,0.4410365832663902,0.016435271062359844,-0.003694237770151987,0.043058987299174616,0.1715512948998565,0.007960359744136032,0.034300900376236815,0.05659941323294453,-0.1361415505301951,0.02261048099620564,0.013463240077833253,-0.03083169277575518,-0.03856582110254465,0.05208186210055815,0.07541388146969538,-0.07864982476405455,0.11973526788622521,0.04042074790091021,-0.16176563869735266,-0.008821617233510461,0.8281844105386188,-0.06700359416090919
ppg_red_clearance_factor,0.015488743904774541,0.3248227284451728,0.06726154454490335,0.014161169214718515,-0.0004385403728297708,0.37514008449734004,-0.032005054863106716,0.06017862251213933,-0.037619033317664634,0.7401914165390725,0.012176254312484362,-0.0545309100675251,-0.06771249758823202,0.39730280897166836,-0.09906572445467725,0.020175413901345394,0.08704315941979723,-0.03232778446658613,-0.02684064472366953,0.04973212246947225,0.002419931791356324,-0.08499691678074192,0.005288233364996854
ppg_red_mean_cross_rate,-0.038289071413521024,0.060794669872389615,-0.6467824887993024,-0.0666535469457802,0.05310872719641962,-0.08706367722376614,0.07159298538334244,-0.2087986318154261,-0.011619974139239061,0.05883118388915225,0.03591227314270809,0.08255068578110895,0.08521016845501114,0.28749424240827604,0.5013252000622394,-0.3517693062963085,-0.17775962313320545,0.059088457688286446,0.004087006924878474,-0.02753637450512322,0.006718812533633272,0.0003506499290549104,0.018754311969338248
ppg_red_tke_mean,0.31555214756796457,0.018677713972441067,-0.1409719248128262,-0.0006728099741242022,-0.09221676566255034,-0.13585159772704852,-0.08617577132105292,0.4325673219486006,-0.04705628550765921,0.024871697248522496,0.013682446135517527,0.1095452913278137,-0.015341953209595104,0.036598476389755004,0.013825973590992637,0.09584945731878265,-0.09308218040428999,-0.35337206972699775,-0.13060177768224496,-0.35658162595005555,-0.09858093342673487,0.021250491865854662,0.5872116800705142
ppg_red_tke_std,0.27837445405268657,0.06123275796755128,-0.11488372341600284,-0.0001623426605456737,-0.11754636423872955,-0.274641127946802,-0.09664483598174138,0.542020235791376,-0.054853224213749815,0.06399420395777748,0.019281698115101616,0.10922154621749124,0.052336188902953246,0.0135015522560282,0.00185485085201268,-0.03625666621382904,0.13184649583165775,0.5530016166467305,-0.20310085045148984,0.10665107552052579,-0.05309642295166898,-0.043518912272993114,-0.33017028970532314
ppg_red_dx_mean,0.0033482661410360777,0.005810006645680857,-0.031158478615779278,0.00803916374378635,0.3626128306365887,-0.06702691203833164,-0.9127445000579745,-0.1221868496695081,0.11705566659638834,0.010182139814592385,0.00859298036518415,-0.003608058830321591,0.02687927491070748,0.0016722764441826875,-0.014461669457355471,-0.0006672365890283988,0.003429564294210318,0.005914866526689663,0.0038601960393812884,-0.003524408944209188,0.0015447424130239952,0.00060765052412229,0.0015711231448796608
ppg_red_ddx_mean,0.003766746084750455,0.013726533702282367,0.03173878709024182,-0.4510474190193788,-0.4587306786168816,-0.06468519782612919,-0.08251913220871983,-0.06550639886078902,0.711758102495894,0.07981472270058677,-0.23174240965670986,0.00459354914936117,0.048840267300827855,0.0020801879275445835,0.017986349098159014,0.0007702856367205685,0.006301182361978191,-0.008021324035150615,0.004096416676835674,-0.00786507725906827,0.0017566011068904984,0.002585646246203257,0.0050865438745885195
ppg_red_ddx_std,0.3340082471122177,0.02802221153300113,-0.1207812999563929,-0.01611734796721689,-0.0201844092882134,-0.1347404040441009,-0.013436593179863692,0.07479789095945749,-0.024918939043713048,0.048632011419801446,-0.046075032911667056,-0.4830789731029284,-0.25381066225669313,-0.063475631441455,0.06760455696255162,0.14950759565116736,-0.24915590354098735,-0.013996471840021871,0.4031695235653868,0.49802421334498,0.1504225607795012,0.05948082246737173,0.12493320279768053
ppg_red_dx_kurtosis,0.08696611487955591,0.3012859290893722,0.16721052186855953,-0.0002782806355670293,-0.027553802650501724,-0.4942217173636747,0.05675085919460272,-0.21696374783807096,-0.13774930057181733,0.17849146883348604,0.03900105524987234,-0.28789077597762724,0.6288110179619624,-0.07194335592671791,-0.10991334292479427,-0.11990399304643812,0.02262458110657924,-0.09669384872289097,0.002185189268081938,-0.072781151476133,0.0004406646818254287,0.028831862780057727,0.01130396126648566
ppg_red_ddx_kurtosis,0.1494245556387475,0.21828516817248367,0.2373927053388388,0.002953085056920152,-0.004137802470330654,-0.490610935079483,0.047681517723457585,-0.3536964045374307,-0.08167447428038424,0.1343442374113441,-0.0304246204650275,0.43605360940761095,-0.5275269771077826,0.02363322097964228,0.08155591708290236,0.05868085440490091,-0.004804426427298713,-0.004528043346573034,-0.01101793819525164,-0.010871862489412468,-0.009414296702704135,-0.019329850683053405,-0.0098986206710721
