,PC1,PC2,PC3,PC4,PC5,PC6,PC7,PC8,PC9,PC10,PC11,PC12,PC13,PC14,PC15,PC16,PC17,PC18,PC19,PC20,PC21
ppg_red_min,-0.35036861910994105,0.06367317887766866,0.0054806433545171954,-0.025493831397125598,0.1077727216018734,-0.008208928237882296,-0.10264165574978332,0.12745995106522395,0.0009742470619853304,0.031303222317028895,-0.06442887706153465,-0.017808017347996752,-0.062140920969344,0.02181644851587346,0.47579287447597113,-0.16137553537611019,0.6156077003377579,-0.27891403652880004,0.3052870069453534,0.024974529739880798,0.14576249309980974
ppg_red_median,-0.043487172997152504,0.04330797958014836,-0.24506530326988707,0.5269908389103537,-0.23376011984422926,0.08425193073894509,0.18074159190316125,0.08197253734272977,0.39482165704387845,0.08214445024458017,0.590240165426148,-0.01484220750933863,-0.005858254598643065,-0.01969597965555156,0.06794672815886474,-0.023581875119664333,0.041650638552370396,-0.034164884735660005,0.06920597876196109,-0.031243160839812864,-0.17840798597515203
ppg_red_mad,0.3319102583344484,-0.14483250345904208,0.03821717892608622,0.04374149047098598,-0.002875498656394288,0.10200090332224358,0.14256975335121622,-0.24655673425469823,0.028881138934645462,0.061800430800200305,-0.05170494105214899,0.05906933812503059,-0.0747862993905249,-0.12464800245824509,0.01056217900147887,-0.3307732817617001,0.5366726908658578,0.1250967606571549,-0.5657991890961666,-0.005658760126074397,-0.0930606508747889
ppg_red_skew,0.0244826617206792,-0.12762478056446888,0.1717182086155276,-0.07978574974608167,0.7021475479532926,0.17655443770920956,-0.3121804210655572,-0.0819346519049973,0.37543979781058173,-0.2544853027164297,0.31405959149746654,0.020506288434281768,0.015706458405953073,-0.05542269705841164,0.021882495709745924,-0.02402429269363027,-0.07800707724531485,0.030212093045993895,-0.044539948841199835,0.00997948924419167,0.026070256305134543
ppg_red_kurtosis,0.06952370145634058,0.4684158547855461,0.052103745358878406,-0.011632916359956136,0.10723889936998897,0.040784732480071806,0.11602721832621343,0.1384292026087066,-0.058584530873374244,-0.13632929390586065,0.08470494015901776,0.45464622137363875,0.4010601304085761,0.3657800171912376,-0.34038565529116865,-0.17606169024048143,0.2034903070427175,0.023876361730202817,0.08051841202694765,0.03423312523651421,0.008976345080865275
ppg_red_signal_energy,0.32793996716322155,-0.1483823118832905,0.012659070396030923,0.018840093289641733,0.025343392986241157,0.09654783140535052,0.19523278076569575,-0.05876567269872442,-0.04453146345274963,-0.023495153695550063,-0.018641711228999786,0.24883809888242903,0.1052170400558969,0.3995666824525545,0.5818311151124524,0.07804764928571954,-0.23522583576704895,-0.16786253454703554,-0.06148262669685057,-0.37629663076179903,0.09672400069043185
ppg_red_zcr,0.016327031088379258,0.09186032348904083,-0.603774848148229,-0.27956490565747183,0.11442736066578992,0.0803670590513125,-0.0033677831637770224,-0.13750958658178983,0.07737024835726616,0.05486063740016321,-0.002778376935166444,-0.2308125645924043,-0.36280255793853833,0.46772343040659814,-0.11085807484611859,-0.28197458495187666,-0.058857260428859276,0.022028592266951336,0.039317304401928675,0.012584450852124163,0.000223902449073336
ppg_red_p10,-0.33786803289990186,0.12202311028620176,-0.04875343491921342,0.006550512016085249,0.06765703710817858,-0.08511661282926905,-0.17963888226077615,0.23564755664662937,0.0012521412560720596,-0.07742507434362488,-0.1804425401789894,-0.025240254280651055,0.07615126048564831,0.05605195907783605,0.08618094659208296,-0.07637298963005774,-0.08666598317972973,-0.09818904132193494,-0.35518206748673664,-0.3152431533794701,-0.6817883037514759
ppg_red_p90,0.3387093039099412,-0.1250494385592065,0.019837873307252306,0.08152949706093175,0.09134266007208203,0.0950368366324118,0.0589888831858798,-0.22248847343425823,-0.011519794061480395,-0.0867266833837741,-0.22331976724351094,0.04494553149350435,-0.057891444464167344,-0.03433062418135398,-0.02056621644489524,0.0599774456755775,0.12427198345292086,0.03612175706434015,0.5852622873761271,0.07728138619400303,-0.5990765998583578
ppg_red_trim_mean_10,-0.0050257567755171645,0.01824352237645344,-0.2496996523977528,0.5887365864082075,0.11010035116610245,0.08355202502487985,-0.07705377369159354,0.06645038906718256,0.2225170275566981,-0.2783485415744462,-0.5928083149793628,0.03059280843511509,0.00028435560305295677,0.006947426845470436,-0.04980748607417397,0.017580943133584825,-0.043204660044295906,0.03720035225729118,-0.06379648176545943,0.05114065678147826,0.26287224783808066
ppg_red_crest_factor,0.15838266830367032,0.35708778213210063,-0.07384667448978782,-0.026616619717058365,-0.22936628787857632,-0.07344786800875414,-0.16692664758142498,-0.1782590496593427,-0.1894441504536285,-0.5679814589850947,0.13831188659420615,-0.10555534231497642,0.025043828941843496,-0.28963238240082195,0.28196832855544557,-0.3689138712027397,-0.1698634729894011,0.04760730485282909,0.049159851255443074,0.023776123747082715,0.02476524914274867
ppg_red_shape_factor,0.11863807969578198,0.4535101195812288,0.041952600241962325,0.00011919015826323394,0.11542353316910374,0.07834516955274318,0.18747482897635678,-0.04184160919069525,-0.07574842467661999,-0.23161143064987408,0.06458137046580946,-0.3102541750624994,-0.22619644120189528,0.05978126458941772,0.01721379299252402,0.6412367088395154,0.24571852942897732,-0.05142712357310166,-0.16493432943130462,-0.07511412154653653,-0.015430423857681574
ppg_red_clearance_factor,0.04238348018334842,0.35333120208565366,0.1288536105447045,0.012726786082314387,0.3353672390628176,0.18755572634042694,0.4858002807597169,0.18162909267098135,0.036535973737086516,0.3384085106178092,-0.14853836954408983,-0.200859771767982,-0.009253163467263405,-0.2955715773639656,0.12912592434721207,-0.2992852031856577,-0.25013442799618335,0.035402982830251714,0.06446336158921595,-0.0016016643835067334,0.00453881879571345
ppg_red_mean_cross_rate,0.005858873414483169,0.05562208797870424,-0.6164230383407318,-0.2818940638147273,0.09037269536575383,0.06994492293343918,0.003001286294715456,-0.08987866856663926,0.058089510043491194,0.1263841285605915,-0.03285776221992058,0.26563526220898986,0.3653912828183482,-0.43328411691968255,0.12221484896091361,0.28998519808593143,0.056307968364589275,0.024017398043880842,-0.035554820214163264,0.0008252879324619547,-0.002901590704534121
ppg_red_tke_std,0.2950942520733254,-0.050127775607774504,-0.0819630851631007,-0.04298606882799082,0.025146150585323334,-0.16697873556189716,-0.17345466061236955,0.5657186381624483,-0.011075031113306613,0.02579667942843311,0.041048772778563405,-0.11231794420880832,-0.021438868162109857,0.008393693485545658,0.11001671488308326,0.021367005173183403,0.16092309955293133,0.6300640974754782,0.12002864727310232,-0.2350483827846381,0.049921267357498564
ppg_red_tke_mean_abs,0.32279754602506755,-0.09619138618803047,-0.09163109653143332,-0.03580550249016308,0.04406955422111509,-0.08868075313429989,-0.0289375827089902,0.44065559089804285,-0.05551219148932114,-0.042013938046286975,0.035326612772776295,-0.0810943376639941,0.0694871155986757,0.08580127517410044,0.14213008174458802,0.028040898170390707,-0.059787423414259584,-0.3275750123738232,-0.18586430887233454,0.6809164681622799,-0.1308748493390193
ppg_red_dx_mean,-0.0003903023601026069,4.4091448612254477e-05,-0.03172739592845108,0.01688744134114279,0.21694408778162141,-0.8876474784463028,0.2912484884197393,-0.18043460866393526,0.20333925762812577,-0.0565925902918954,-0.01075570411339431,0.015234320212021547,0.014217895909741136,0.00975858459062658,0.028698447448082712,-0.0109430644443905,0.009341985216491327,-0.0011214597763159178,0.007330813739482371,0.006652024527132435,0.004280632161861506
ppg_red_ddx_mean,-0.001853039758521166,0.005606246565733583,0.17154317410487818,-0.4399110435037294,-0.37248899488863724,0.103659234863762,0.19435575839500738,0.144938342979619,0.6813788378313814,-0.24623939749433077,-0.20516808105047593,0.017863243610027984,-0.015780917902901658,-0.006495531245918484,0.008989703525841457,0.00788054820409022,0.0164913965390432,-0.009033924703241802,0.02292418608997076,0.009997623998110449,-0.0021407383174785154
ppg_red_ddx_std,0.3476676453802142,-0.05765173217650506,-0.0783818766527169,-0.02436984822409472,0.011147840199214979,-0.08383238442882517,-0.10297021477290726,0.20787750805837132,0.013046026402092932,-0.007599320255314475,0.01799962120675131,-0.12131536422530338,-0.018362440548063616,-0.22855372341270386,-0.36407669041558927,-0.1059642512817548,0.07348967681438232,-0.5907116992526473,0.0973218299382163,-0.4671889244353381,0.11998392563003533
ppg_red_dx_kurtosis,0.16737972822133104,0.36512425648670077,0.08553814313439842,0.027424673639641108,-0.056633337467024654,-0.11391689697629875,-0.34724922942446257,-0.004130905400437283,0.1508002250308119,0.3049884459222098,-0.04338643775188102,0.504747480997074,-0.5332450551218776,-0.10171045942673225,0.08046454351790193,0.0565985550696917,-0.09758867980833998,-0.05153936560131833,-0.03588534630718344,0.056856382837528224,-0.018203298772098427
ppg_red_ddx_kurtosis,0.20463651887260814,0.25791551931951373,0.11671947576666193,0.052788698002224216,-0.11024481085643727,-0.06738447739571854,-0.4025008636006843,-0.2701043132536441,0.2513980386728715,0.3800867168408279,-0.10479682148958011,-0.4031441657684882,0.4491695300157788,0.17673401404797662,0.08806733882520285,0.016557190200711704,0.021013064039636833,-0.014414967663708228,0.0013278935559313764,0.025001386230105286,0.008166992821499098
