,PC1,PC2,PC3,PC4,PC5,PC6,PC7,PC8,PC9,PC10,PC11,PC12,PC13,PC14,PC15,PC16,PC17,PC18,PC19,PC20,PC21,PC22,PC23
ppg_red_max,0.34413493934603184,-0.016946139236275047,0.01274726342813067,-0.02473370139549035,0.15183210710208703,0.08198202224411319,0.06793572509094525,-0.006937489264050195,0.07713623943708509,-0.0782930043618887,-0.06455337718796314,-0.0046136981967640584,-0.0671502234545764,-0.008466591657273106,-0.01435813072696644,-0.41358830683882486,0.6608884877884418,0.00461190537362941,0.38652469557967617,-0.16402650318931222,0.18541859949124265,0.011963739209417417,0.07960972315201428
ppg_red_median,0.0007882716776540965,0.001296578470705231,-0.043687603584040176,0.5912392993225946,-0.28477284684303117,-0.04859942174113923,-0.04166674916719309,-0.06958882000367834,0.37094979027729574,0.026537997009320084,0.5926473565546143,-0.057327722841324424,-0.061498639252477796,-0.021251297797898607,0.014701063099032399,-0.050947519335521906,0.08741296351080559,-0.00854939591014042,0.0859108306959717,0.01895813993329196,-0.2070740420162668,0.00332319587554333,0.01652992815162019
ppg_red_iqr,0.323120374602847,-0.10793722447919435,0.05508249750750898,0.02415782538851255,-0.025747720628755556,0.18647185466884592,0.023279694364266378,-0.29247420065359064,-0.008728145623802532,-0.001060006718697213,0.03417946345935198,0.027256204842624945,0.1582921212725893,0.0716136666349355,-0.014401467746338706,0.31289293689430125,-0.24659483408307414,0.5385074794160425,0.24257484503851887,-0.4053858773892025,0.03144150528911417,-0.17800231388168578,0.14789042156287918
ppg_red_skew,0.05117855450841704,-0.10815118097077792,0.09832644884566927,-0.1838162540328526,0.6785866381101252,-0.13705108918948417,0.3150268228681397,0.1514771806625456,0.440135405795372,0.13023073476792416,0.31244974919294133,0.03051302196832493,0.05328259978308557,0.029833336023218155,0.026712687636304338,0.11050587671142582,-0.10154719989082163,-0.0022577034417951567,-0.060186799478552586,0.021104606797175424,0.01898522199647953,0.008255691467619211,-0.008650938720070158
ppg_red_kurtosis,0.019562993996317602,0.4235305813296105,0.023771492221233217,-0.005268363600715762,0.03174120166581097,0.1282456695316363,0.0007053907703058294,0.013928444846104544,0.030732094083175805,-0.23529937396033626,0.02793214570037917,0.036394084112032106,0.1603478226706644,-0.06429236131141904,0.5060893280747644,0.47695023182117713,0.33460257897249845,-0.08833146213716953,-0.042807803007679765,0.15048192843179814,0.014595881348304912,-0.29169058012245624,0.024380337040770455
ppg_red_diff_mean_abs,0.3466407467569691,-0.031536005559424395,-0.10338164022670086,-0.011343360776330885,0.02257094021996592,0.05421064586042422,0.01307780648937815,-0.08472189694200771,0.010835883418155392,-0.015645104833337017,-0.04049095605928922,-0.3568881177098836,-0.20269557133636756,-0.03676048500704049,0.06561899230578876,0.07989731203418046,-0.04822639867966988,-0.32644685704971543,-0.18463804816429286,-0.39775537132177263,-0.14625707461157794,-0.09283551855575795,-0.5861157133619904
ppg_red_signal_energy,0.33140960475216724,-0.05505448007745223,-0.008287780798034225,0.029614354470763826,-0.06885490323819375,0.13585725610829477,-0.035974777342078684,0.03589481732344073,-0.014419872052373859,-0.047287403405623894,0.05529563887019638,0.5420023979673138,0.3365530208515385,0.10075294910062402,-0.11621597309214488,0.027659380975263687,-0.20530715522734824,-0.35697211632948206,0.3030938512596813,0.2374257792137402,0.046815811488503146,0.03711743646747596,-0.3194764693299268
ppg_red_zcr,-0.04042812565341539,0.09285954887043675,-0.638831472457551,-0.057313500964908906,0.05729455591988589,-0.04282194876236928,0.08246035838435785,-0.18412323302220668,0.015322642175518904,0.13610690932118968,0.00886935138624844,0.11748430646047284,-0.017564599477871524,-0.3196015933899142,-0.4838269974056931,0.3271589741291494,0.23394003625875848,0.0003761759309570618,-0.017265318374621957,0.030182081539192118,0.004759912005792043,0.011370267436630473,0.015142584818030021
ppg_red_p10,-0.3326131262886636,0.08037687554295703,-0.036464942881336,0.03830975008877551,0.10419248963564588,-0.17636489224383767,0.025383140096142495,0.23267397195627773,0.014897954816632366,0.038088840860846615,-0.2455953869864244,0.008267135308346876,-0.016662685703534273,0.07012797619723836,0.012359528336691638,0.09594292392441482,-0.004908368713287565,-0.005467028276470828,0.5871775368474071,-0.1855681075794305,-0.5534643400241438,-0.0856399067388581,-0.11761438946496253
ppg_red_p90,0.33167690695318214,-0.07620469172920478,0.0435947031372399,0.05284201824866407,0.1288947847358333,0.16872566149744775,0.07122704449444543,-0.2268816806752625,0.038811293140170386,-0.022198412286580087,-0.24872819402094212,0.007597417133140902,0.07895838816534258,-0.05178235290086441,-0.001704881698240404,-0.11825962908396756,0.06475827983625829,0.07687819896126646,-0.2531334632113089,0.3276421341737241,-0.6835377689867854,0.08787627384974951,0.18589554993074217
ppg_red_trim_mean_10,0.002437879446610091,0.010846805365888978,-0.04588705943364206,0.6307384444928865,0.1382029972961559,-0.07551521440928892,0.09653586348963644,0.04000285000171162,0.29308154698934463,0.048400563629296005,-0.5970289105840854,0.03430593153583803,0.07697090812774082,0.03399432187169569,0.012753268876276324,0.054309064725304036,-0.07425839905402652,-0.007088419137631955,-0.1149185725859125,-0.02889685445633629,0.2973128852208907,0.002196489159347472,-0.012651516943400797
ppg_red_crest_factor,0.025000378586069644,0.39266949783329763,-0.052349504452218795,-0.024493275270489702,0.06019059158567758,-0.02355321796248625,0.044232100407119695,-0.011401497516744137,0.10574627484324299,-0.5102740661230802,0.026555914579590206,-0.09349029497104858,-0.09573924689525083,0.5028309399682575,-0.44970568047679715,-0.10839470751733689,-0.1098788085812266,0.023331818187239298,-0.0747423487101625,0.05170001696717635,-0.015454908755759838,-0.23651785254961813,0.03908218645777526
ppg_red_shape_factor,0.019599001929864895,0.4129363864496788,0.025477573613131552,0.0029820624237225242,0.06981121433142146,0.2201045943157423,0.0063018800054077855,0.10214356509217075,0.07611781919077251,0.04275175190492189,0.008070829470740079,0.09159589942342324,-0.06964797005679624,-0.6006670334476828,-0.013886675142462631,-0.3951854407420976,-0.34266870165653646,0.048529718946753085,0.040463908817458275,-0.05551223876333621,0.002184835516268989,-0.31886147376465995,0.019564243209972954
ppg_red_impulse_factor,0.02509817157461828,0.44103658326639067,0.01643527106235993,-0.0036942377701517128,0.04305898729917434,0.1715512948998565,0.007960359744136959,0.03430090037623672,0.05659941323294499,-0.1361415505301948,0.02261048099620576,0.01346324007783287,-0.030831692775755266,-0.03856582110254448,0.0520818621005583,0.07541388146969462,-0.07864982476405546,0.11973526788622545,0.040420747900908896,-0.16176563869735125,-0.008821617233508751,0.8281844105386191,-0.06700359416090865
ppg_red_clearance_factor,0.015488743904774546,0.324822728445173,0.06726154454490316,0.014161169214719046,-0.0004385403728306239,0.3751400844973405,-0.032005054863102636,0.06017862251214027,-0.037619033317667,0.7401914165390724,0.012176254312483073,-0.05453091006752602,-0.06771249758823,0.3973028089716684,-0.09906572445467686,0.02017541390134609,0.08704315941979733,-0.03232778446658638,-0.026840644723668663,0.049732122469472076,0.0024199317913562507,-0.08499691678074216,0.005288233364996804
ppg_red_mean_cross_rate,-0.038289071413521024,0.06079466987238977,-0.6467824887993024,-0.06665354694578482,0.053108727196420416,-0.08706367722376679,0.07159298538334123,-0.20879863181542663,-0.011619974139239504,0.0588311838891523,0.03591227314270778,0.08255068578111247,0.0852101684550107,0.287494242408275,0.5013252000622399,-0.3517693062963091,-0.17775962313320423,0.05908845768828637,0.0040870069248780385,-0.027536374505123112,0.00671881253363307,0.00035064992905465485,0.0187543119693384
ppg_red_tke_std,0.27837445405268657,0.06123275796755138,-0.11488372341600277,-0.00016234266054677046,-0.11754636423872884,-0.27464112794680196,-0.0966448359817428,0.542020235791376,-0.054853224213749115,0.06399420395777726,0.019281698115100637,0.10922154621749186,0.05233618890295149,0.013501552256027885,0.001854850852012379,-0.03625666621382825,0.1318464958316589,0.5530016166467291,-0.20310085045149015,0.10665107552052769,-0.053096422951668575,-0.043518912272993114,-0.3301702897053245
ppg_red_tke_mean_abs,0.31555214756796457,0.018677713972441105,-0.14097192481282644,-0.0006728099741253026,-0.09221676566254997,-0.13585159772704877,-0.0861757713210535,0.4325673219486014,-0.047056285507658425,0.02487169724852189,0.013682446135517005,0.10954529132781442,-0.015341953209597302,0.036598476389754754,0.013825973590993187,0.09584945731878192,-0.09308218040429084,-0.3533720697269959,-0.13060177768224698,-0.3565816259500525,-0.09858093342673671,0.021250491865855675,0.5872116800705157
ppg_red_dx_mean,0.0033482661410360777,0.005810006645680813,-0.031158478615779087,0.00803916374378631,0.36261283063658717,-0.06702691203832248,-0.9127445000579768,-0.12218684966950766,0.11705566659638608,0.010182139814593524,0.00859298036518503,-0.003608058830320957,0.02687927491070752,0.001672276444182584,-0.014461669457355482,-0.0006672365890285839,0.003429564294210148,0.005914866526689834,0.0038601960393814137,-0.003524408944209251,0.0015447424130242764,0.0006076505241223348,0.0015711231448795016
ppg_red_ddx_mean,0.0037667460847504576,0.013726533702282375,0.03173878709024505,-0.45104741901937967,-0.4587306786168814,-0.06468519782612868,-0.08251913220872092,-0.06550639886079088,0.7117581024958933,0.079814722700588,-0.2317424096567101,0.004593549149362155,0.048840267300827155,0.002080187927544373,0.017986349098158882,0.0007702856367206643,0.0063011823619778945,-0.008021324035150516,0.004096416676835809,-0.007865077259068176,0.0017566011068903032,0.0025856462462033026,0.005086543874588441
ppg_red_ddx_std,0.33400824711221777,0.02802221153300121,-0.12078129995639297,-0.016117347967217643,-0.020184409288213148,-0.13474040404410167,-0.013436593179864615,0.07479789095945745,-0.0249189390437125,0.048632011419801204,-0.04607503291166639,-0.4830789731029348,-0.2538106622566837,-0.06347563144145328,0.06760455696255105,0.1495075956511648,-0.2491559035409895,-0.013996471840021915,0.40316952356539054,0.49802421334497593,0.15042256077950214,0.05948082246737027,0.12493320279767905
ppg_red_dx_kurtosis,0.08696611487955591,0.3012859290893722,0.16721052186855972,-0.0002782806355658994,-0.027553802650501096,-0.49422171736367493,0.05675085919459903,-0.21696374783807137,-0.13774930057181797,0.17849146883348613,0.03900105524987073,-0.28789077597761337,0.6288110179619684,-0.0719433559267186,-0.10991334292479488,-0.11990399304643838,0.022624581106579944,-0.09669384872289116,0.002185189268081855,-0.07278115147613289,0.0004406646818255825,0.028831862780057768,0.011303961266485796
ppg_red_ddx_kurtosis,0.1494245556387475,0.21828516817248375,0.23739270533883897,0.002953085056921798,-0.0041378024703301285,-0.4906109350794832,0.04768151772345359,-0.3536964045374314,-0.08167447428038446,0.13434423741134444,-0.03042462046502671,0.43605360940759963,-0.5275269771077916,0.023633220979642273,0.08155591708290302,0.058680854404901686,-0.004804426427298569,-0.0045280433465726974,-0.011017938195251629,-0.010871862489412815,-0.009414296702703912,-0.01932985068305338,-0.009898620671072252
