,PC1,PC2,PC3,PC4,PC5,PC6,PC7,PC8,PC9,PC10,PC11,PC12,PC13,PC14,PC15,PC16,PC17,PC18,PC19,PC20,PC21
ppg_red_min,-0.35036861910994127,0.06367317887766867,0.005480643354517058,-0.025493831397125768,0.107772721601873,-0.008208928237878999,-0.10264165574978054,0.12745995106522606,0.0009742470619857025,0.031303222317029124,-0.06442887706153462,-0.01780801734799635,-0.062140920969344135,0.021816448515874873,0.4757928744759702,-0.16137553537611138,0.6156077003377567,-0.2789140365288041,0.30528700694535266,0.02497452973988236,0.14576249309980888
ppg_red_median,-0.04348717299715251,0.04330797958014875,-0.24506530326988088,0.5269908389103561,-0.23376011984422973,0.0842519307389395,0.1807415919031654,0.081972537342725,0.3948216570438785,0.08214445024457896,0.5902401654261484,-0.014842207509338899,-0.00585825459864306,-0.019695979655551626,0.06794672815886456,-0.02358187511966475,0.04165063855237057,-0.034164884735660525,0.06920597876196102,-0.0312431608398122,-0.1784079859751524
ppg_red_mad,0.33191025833444865,-0.14483250345904186,0.038217178926086684,0.04374149047098562,-0.002875498656394705,0.10200090332223927,0.1425697533512115,-0.2465567342547023,0.028881138934645192,0.06180043080020067,-0.0517049410521485,0.05906933812503098,-0.07478629939052675,-0.12464800245824668,0.010562179001478194,-0.3307732817616999,0.5366726908658571,0.12509676065714817,-0.5657991890961682,-0.005658760126073752,-0.09306065087478906
ppg_red_skew,0.024482661720679203,-0.12762478056446896,0.17171820861552642,-0.07978574974608324,0.7021475479532889,0.17655443770921816,-0.31218042106555705,-0.08193465190498993,0.3754397978105828,-0.25448530271643016,0.3140595914974662,0.020506288434281667,0.015706458405953007,-0.05542269705841194,0.021882495709746496,-0.024024292693630146,-0.07800707724531471,0.03021209304599441,-0.044539948841199765,0.009979489244191246,0.026070256305134324
ppg_red_kurtosis,0.06952370145634061,0.46841585478554704,0.05210374535887815,-0.011632916359956726,0.10723889936998847,0.04078473248007103,0.11602721832621768,0.13842920260870395,-0.058584530873373876,-0.13632929390586104,0.08470494015901726,0.4546462213736375,0.4010601304085794,0.3657800171912341,-0.34038565529117065,-0.17606169024048232,0.20349030704271767,0.02387636173020232,0.08051841202694675,0.034233125236514325,0.008976345080865426
ppg_red_signal_energy,0.32793996716322177,-0.14838231188329085,0.012659070396031076,0.01884009328964174,0.02534339298624095,0.09654783140534706,0.19523278076569636,-0.05876567269872973,-0.04453146345274889,-0.023495153695549918,-0.01864171122899956,0.24883809888242903,0.10521704005590037,0.3995666824525567,0.5818311151124519,0.07804764928571759,-0.23522583576704878,-0.16786253454703318,-0.06148262669684902,-0.37629663076180025,0.0967240006904314
ppg_red_zcr,0.016327031088379258,0.09186032348904091,-0.6037748481482315,-0.2795649056574642,0.11442736066578928,0.08036705905131257,-0.0033677831637795364,-0.1375095865817901,0.07737024835726558,0.05486063740016321,-0.002778376935166176,-0.2308125645924047,-0.3628025579385358,0.46772343040659925,-0.11085807484612069,-0.2819745849518782,-0.05885726042885911,0.022028592266951832,0.039317304401928585,0.012584450852123976,0.00022390244907344182
ppg_red_p10,-0.33786803289990214,0.12202311028620184,-0.048753434919213225,0.006550512016085486,0.06765703710817854,-0.085116612829264,-0.1796388822607724,0.2356475566466337,0.0012521412560724148,-0.07742507434362424,-0.18044254017898992,-0.02524025428065085,0.07615126048564888,0.05605195907783528,0.08618094659208286,-0.07637298963005813,-0.08666598317973152,-0.09818904132193618,-0.355182067486736,-0.31524315337946923,-0.6817883037514759
ppg_red_p90,0.3387093039099414,-0.12504943855920664,0.019837873307252916,0.08152949706093186,0.09134266007208149,0.09503683663241039,0.05898888318587535,-0.2224884734342604,-0.011519794061480694,-0.08672668338377347,-0.22331976724351113,0.04494553149350433,-0.05789144446416713,-0.03433062418135282,-0.020566216444895234,0.05997744567557669,0.12427198345292174,0.036121757064341634,0.5852622873761262,0.07728138619400493,-0.5990765998583579
ppg_red_trim_mean_10,-0.00502575677551717,0.018243522376453443,-0.2496996523977458,0.5887365864082102,0.11010035116610137,0.08355202502488139,-0.07705377369159105,0.06645038906718331,0.22251702755669978,-0.27834854157444344,-0.5928083149793636,0.030592808435115,0.00028435560305315,0.006947426845470141,-0.0498074860741739,0.01758094313358492,-0.04320466004429563,0.03720035225729154,-0.06379648176545938,0.05114065678147771,0.262872247838081
ppg_red_crest_factor,0.1583826683036704,0.35708778213210113,-0.07384667448978813,-0.026616619717057546,-0.22936628787857577,-0.07344786800875393,-0.16692664758143003,-0.17825904965933753,-0.189444150453628,-0.5679814589850959,0.13831188659420432,-0.10555534231497586,0.025043828941841657,-0.2896323824008234,0.28196832855544646,-0.36891387120273905,-0.16986347298940083,0.0476073048528303,0.04915985125544287,0.023776123747082437,0.02476524914274894
ppg_red_shape_factor,0.11863807969578202,0.4535101195812295,0.04195260024196214,0.00011919015826284645,0.11542353316910355,0.07834516955274062,0.1874748289763569,-0.04184160919069983,-0.0757484246766191,-0.23161143064987458,0.06458137046580871,-0.3102541750624997,-0.22619644120189505,0.05978126458942152,0.017213792992525002,0.6412367088395152,0.24571852942897676,-0.051427123573104076,-0.16493432943130443,-0.07511412154653618,-0.015430423857682472
ppg_red_clearance_factor,0.04238348018334842,0.3533312020856542,0.12885361054470454,0.012726786082312886,0.33536723906281685,0.187555726340422,0.4858002807597245,0.18162909267096897,0.03653597373708632,0.33840851061781,-0.1485383695440886,-0.20085977176798145,-0.00925316346726574,-0.2955715773639672,0.12912592434721304,-0.2992852031856571,-0.25013442799618296,0.03540298283025333,0.06446336158921627,-0.0016016643835068591,0.004538818795713787
ppg_red_mean_cross_rate,0.005858873414483162,0.05562208797870427,-0.6164230383407345,-0.2818940638147198,0.09037269536575353,0.06994492293343911,0.00300128629471426,-0.08987866856664,0.058089510043491575,0.1263841285605919,-0.03285776221992043,0.2656352622089902,0.3653912828183458,-0.4332841169196832,0.1222148489609153,0.2899851980859323,0.05630796836458996,0.024017398043880322,-0.03555482021416331,0.0008252879324618257,-0.002901590704534354
ppg_red_tke_mean,0.32279754602506766,-0.09619138618803086,-0.09163109653143328,-0.03580550249016211,0.044069554221115116,-0.0886807531342961,-0.028937582708980662,0.4406555908980432,-0.0555121914893204,-0.04201393804628744,0.03532661277277548,-0.08109433766399349,0.069487115598677,0.08580127517410174,0.14213008174458752,0.028040898170390367,-0.05978742341426436,-0.3275750123738247,-0.18586430887233393,0.68091646816228,-0.13087484933901797
ppg_red_tke_std,0.2950942520733256,-0.05012777560777484,-0.08196308516310101,-0.042986068827990165,0.025146150585323532,-0.16697873556189108,-0.17345466061235865,0.5657186381624546,-0.011075031113306004,0.025796679428433337,0.04104877277856303,-0.11231794420880892,-0.021438868162110537,0.008393693485545176,0.11001671488308379,0.021367005173182605,0.16092309955293727,0.6300640974754764,0.12002864727309921,-0.2350483827846368,0.049921267357497516
ppg_red_dx_mean,-0.0003903023601026168,4.4091448612317875e-05,-0.03172739592845109,0.016887441341143727,0.21694408778162813,-0.8876474784463085,0.29124848841971895,-0.1804346086639377,0.20333925762812244,-0.0565925902918945,-0.010755704113394568,0.015234320212021374,0.014217895909741185,0.009758584590626541,0.028698447448082674,-0.010943064444390246,0.009341985216491279,-0.0011214597763163255,0.007330813739482494,0.006652024527132441,0.004280632161861581
ppg_red_ddx_mean,-0.0018530397585211648,0.005606246565733535,0.17154317410487296,-0.43991104350373156,-0.3724889948886362,0.10365923486375399,0.1943557583950143,0.1449383429796109,0.6813788378313834,-0.2462393974943285,-0.20516808105047668,0.01786324361002803,-0.015780917902901488,-0.006495531245918236,0.008989703525841343,0.007880548204090062,0.016491396539043003,-0.009033924703241863,0.02292418608997076,0.00999762399811052,-0.0021407383174787795
ppg_red_ddx_std,0.3476676453802144,-0.057651732176505245,-0.07838187665271702,-0.024369848224093753,0.011147840199215138,-0.08383238442882195,-0.10297021477290369,0.207877508058374,0.013046026402092912,-0.007599320255314726,0.01799962120675076,-0.12131536422530331,-0.018362440548065514,-0.22855372341270588,-0.36407669041558915,-0.10596425128175276,0.07348967681437875,-0.5907116992526475,0.09732182993821953,-0.46718892443533777,0.11998392563003453
ppg_red_dx_kurtosis,0.1673797282213311,0.3651242564867013,0.0855381431343988,0.027424673639639793,-0.05663333746702404,-0.11391689697629308,-0.34724922942446484,-0.004130905400428767,0.15080022503081125,0.3049884459222098,-0.043386437751879954,0.5047474809970756,-0.5332450551218781,-0.10171045942672716,0.0804645435179016,0.05659855506969276,-0.09758867980834066,-0.051539365601317604,-0.03588534630718275,0.056856382837528155,-0.01820329877209827
ppg_red_ddx_kurtosis,0.20463651887260828,0.2579155193195141,0.11671947576666246,0.05278869800222265,-0.1102448108564369,-0.06738447739571432,-0.40250086360069265,-0.2701043132536347,0.25139803867287014,0.3800867168408291,-0.10479682148957889,-0.40314416576848955,0.44916953001577925,0.17673401404797337,0.0880673388252024,0.016557190200710396,0.021013064039636792,-0.014414967663708656,0.0013278935559311097,0.025001386230105265,0.008166992821499327
